Date,Value
2025-03-25 00:00:00+00:00,0.0
2025-03-25 00:15:00+00:00,0.0
2025-03-25 00:30:00+00:00,0.0
2025-03-25 00:45:00+00:00,0.0
2025-03-25 01:00:00+00:00,0.0
2025-03-25 01:15:00+00:00,0.0
2025-03-25 01:30:00+00:00,0.0
2025-03-25 01:45:00+00:00,0.0
2025-03-25 02:00:00+00:00,0.0
2025-03-25 02:15:00+00:00,0.0
2025-03-25 02:30:00+00:00,0.0
2025-03-25 02:45:00+00:00,0.0
2025-03-25 03:00:00+00:00,0.0
2025-03-25 03:15:00+00:00,0.0
2025-03-25 03:30:00+00:00,0.0
2025-03-25 03:45:00+00:00,0.0
2025-03-25 04:00:00+00:00,0.0
2025-03-25 04:15:00+00:00,0.02
2025-03-25 04:30:00+00:00,0.0
2025-03-25 04:45:00+00:00,0.0
2025-03-25 05:00:00+00:00,0.0
2025-03-25 05:15:00+00:00,0.0
2025-03-25 05:30:00+00:00,0.0
2025-03-25 05:45:00+00:00,0.0
2025-03-25 06:00:00+00:00,0.0
2025-03-25 06:15:00+00:00,0.0
2025-03-25 06:30:00+00:00,0.0
2025-03-25 06:45:00+00:00,0.0
2025-03-25 07:00:00+00:00,0.0
2025-03-25 07:15:00+00:00,0.0
2025-03-25 07:30:00+00:00,0.0
2025-03-25 07:45:00+00:00,0.04
2025-03-25 08:00:00+00:00,0.12
2025-03-25 08:15:00+00:00,0.19
2025-03-25 08:30:00+00:00,0.27
2025-03-25 08:45:00+00:00,0.38
2025-03-25 09:00:00+00:00,0.62
2025-03-25 09:15:00+00:00,0.76
2025-03-25 09:30:00+00:00,0.8200000000000001
2025-03-25 09:45:00+00:00,1.04
2025-03-25 10:00:00+00:00,1.13
2025-03-25 10:15:00+00:00,1.15
2025-03-25 10:30:00+00:00,0.63
2025-03-25 10:45:00+00:00,0.0
2025-03-25 11:00:00+00:00,0.0
2025-03-25 11:15:00+00:00,0.0
2025-03-25 11:30:00+00:00,0.0
2025-03-25 11:45:00+00:00,0.0
2025-03-25 12:00:00+00:00,0.0
2025-03-25 12:15:00+00:00,0.0
2025-03-25 12:30:00+00:00,0.0
2025-03-25 12:45:00+00:00,0.0
2025-03-25 13:00:00+00:00,0.0
2025-03-25 13:15:00+00:00,0.0
2025-03-25 13:30:00+00:00,0.02
2025-03-25 13:45:00+00:00,0.0
2025-03-25 14:00:00+00:00,0.0
2025-03-25 14:15:00+00:00,0.13
2025-03-25 14:30:00+00:00,0.05
2025-03-25 14:45:00+00:00,0.0
2025-03-25 15:00:00+00:00,0.0
2025-03-25 15:15:00+00:00,0.02
2025-03-25 15:30:00+00:00,0.24
2025-03-25 15:45:00+00:00,0.15
2025-03-25 16:00:00+00:00,0.0
2025-03-25 16:15:00+00:00,0.0
2025-03-25 16:30:00+00:00,0.0
2025-03-25 16:45:00+00:00,0.0
2025-03-25 17:00:00+00:00,0.0
2025-03-25 17:15:00+00:00,0.0
2025-03-25 17:30:00+00:00,0.0
2025-03-25 17:45:00+00:00,0.0
2025-03-25 18:00:00+00:00,0.0
2025-03-25 18:15:00+00:00,0.0
2025-03-25 18:30:00+00:00,0.0
2025-03-25 18:45:00+00:00,0.0
2025-03-25 19:00:00+00:00,0.0
2025-03-25 19:15:00+00:00,0.0
2025-03-25 19:30:00+00:00,0.0
2025-03-25 19:45:00+00:00,0.0
2025-03-25 20:00:00+00:00,0.0
2025-03-25 20:15:00+00:00,0.0
2025-03-25 20:30:00+00:00,0.0
2025-03-25 20:45:00+00:00,0.0
2025-03-25 21:00:00+00:00,0.0
2025-03-25 21:15:00+00:00,0.0
2025-03-25 21:30:00+00:00,0.0
2025-03-25 21:45:00+00:00,0.0
2025-03-25 22:00:00+00:00,0.0
2025-03-25 22:15:00+00:00,0.0
2025-03-25 22:30:00+00:00,0.0
2025-03-25 22:45:00+00:00,0.0
2025-03-25 23:00:00+00:00,0.0
2025-03-25 23:15:00+00:00,0.0
2025-03-25 23:30:00+00:00,0.0
2025-03-25 23:45:00+00:00,0.0
2025-03-26 00:00:00+00:00,0.0
2025-03-26 00:15:00+00:00,0.0
2025-03-26 00:30:00+00:00,0.0
2025-03-26 00:45:00+00:00,0.0
2025-03-26 01:00:00+00:00,0.0
2025-03-26 01:15:00+00:00,0.0
2025-03-26 01:30:00+00:00,0.0
2025-03-26 01:45:00+00:00,0.01
2025-03-26 02:00:00+00:00,0.0
2025-03-26 02:15:00+00:00,0.0
2025-03-26 02:30:00+00:00,0.0
2025-03-26 02:45:00+00:00,0.0
2025-03-26 03:00:00+00:00,0.0
2025-03-26 03:15:00+00:00,0.0
2025-03-26 03:30:00+00:00,0.0
2025-03-26 03:45:00+00:00,0.0
2025-03-26 04:00:00+00:00,0.0
2025-03-26 04:15:00+00:00,0.0
2025-03-26 04:30:00+00:00,0.0
2025-03-26 04:45:00+00:00,0.0
2025-03-26 05:00:00+00:00,0.0
2025-03-26 05:15:00+00:00,0.0
2025-03-26 05:30:00+00:00,0.0
2025-03-26 05:45:00+00:00,0.0
2025-03-26 06:00:00+00:00,0.0
2025-03-26 06:15:00+00:00,0.0
2025-03-26 06:30:00+00:00,0.0
2025-03-26 06:45:00+00:00,0.0
2025-03-26 07:00:00+00:00,0.0
2025-03-26 07:15:00+00:00,0.0
2025-03-26 07:30:00+00:00,0.0
2025-03-26 07:45:00+00:00,0.0
2025-03-26 08:00:00+00:00,0.0
2025-03-26 08:15:00+00:00,0.0
2025-03-26 08:30:00+00:00,0.02
2025-03-26 08:45:00+00:00,0.02
2025-03-26 09:00:00+00:00,0.02
2025-03-26 09:15:00+00:00,0.18
2025-03-26 09:30:00+00:00,0.29
2025-03-26 09:45:00+00:00,0.5700000000000001
2025-03-26 10:00:00+00:00,0.89
2025-03-26 10:15:00+00:00,1.1800000000000002
2025-03-26 10:30:00+00:00,1.2000000000000002
2025-03-26 10:45:00+00:00,1.2000000000000002
2025-03-26 11:00:00+00:00,1.17
2025-03-26 11:15:00+00:00,0.42
2025-03-26 11:30:00+00:00,0.0
2025-03-26 11:45:00+00:00,0.0
2025-03-26 12:00:00+00:00,0.0
2025-03-26 12:15:00+00:00,0.0
2025-03-26 12:30:00+00:00,0.0
2025-03-26 12:45:00+00:00,0.0
2025-03-26 13:00:00+00:00,0.22
2025-03-26 13:15:00+00:00,0.4
2025-03-26 13:30:00+00:00,0.02
2025-03-26 13:45:00+00:00,0.030000000000000002
2025-03-26 14:00:00+00:00,0.09000000000000001
2025-03-26 14:15:00+00:00,0.0
2025-03-26 14:30:00+00:00,0.0
2025-03-26 14:45:00+00:00,0.0
2025-03-26 15:00:00+00:00,0.0
2025-03-26 15:15:00+00:00,0.0
2025-03-26 15:30:00+00:00,0.0
2025-03-26 15:45:00+00:00,0.0
2025-03-26 16:00:00+00:00,0.0
2025-03-26 16:15:00+00:00,0.0
2025-03-26 16:30:00+00:00,0.0
2025-03-26 16:45:00+00:00,0.0
2025-03-26 17:00:00+00:00,0.0
2025-03-26 17:15:00+00:00,0.0
2025-03-26 17:30:00+00:00,0.0
2025-03-26 17:45:00+00:00,0.0
2025-03-26 18:00:00+00:00,0.0
2025-03-26 18:15:00+00:00,0.0
2025-03-26 18:30:00+00:00,0.0
2025-03-26 18:45:00+00:00,0.0
2025-03-26 19:00:00+00:00,0.0
2025-03-26 19:15:00+00:00,0.0
2025-03-26 19:30:00+00:00,0.0
2025-03-26 19:45:00+00:00,0.0
2025-03-26 20:00:00+00:00,0.0
2025-03-26 20:15:00+00:00,0.0
2025-03-26 20:30:00+00:00,0.0
2025-03-26 20:45:00+00:00,0.0
2025-03-26 21:00:00+00:00,0.0
2025-03-26 21:15:00+00:00,0.0
2025-03-26 21:30:00+00:00,0.0
2025-03-26 21:45:00+00:00,0.0
2025-03-26 22:00:00+00:00,0.0
2025-03-26 22:15:00+00:00,0.0
2025-03-26 22:30:00+00:00,0.0
2025-03-26 22:45:00+00:00,0.0
2025-03-26 23:00:00+00:00,0.0
2025-03-26 23:15:00+00:00,0.02
2025-03-26 23:30:00+00:00,0.02
2025-03-26 23:45:00+00:00,0.02
2025-03-27 00:00:00+00:00,0.0
2025-03-27 00:15:00+00:00,0.0
2025-03-27 00:30:00+00:00,0.0
2025-03-27 00:45:00+00:00,0.0
2025-03-27 01:00:00+00:00,0.0
2025-03-27 01:15:00+00:00,0.0
2025-03-27 01:30:00+00:00,0.0
2025-03-27 01:45:00+00:00,0.0
2025-03-27 02:00:00+00:00,0.0
2025-03-27 02:15:00+00:00,0.0
2025-03-27 02:30:00+00:00,0.0
2025-03-27 02:45:00+00:00,0.0
2025-03-27 03:00:00+00:00,0.0
2025-03-27 03:15:00+00:00,0.0
2025-03-27 03:30:00+00:00,0.0
2025-03-27 03:45:00+00:00,0.0
2025-03-27 04:00:00+00:00,0.0
2025-03-27 04:15:00+00:00,0.0
2025-03-27 04:30:00+00:00,0.0
2025-03-27 04:45:00+00:00,0.0
2025-03-27 05:00:00+00:00,0.0
2025-03-27 05:15:00+00:00,0.0
2025-03-27 05:30:00+00:00,0.0
2025-03-27 05:45:00+00:00,0.0
2025-03-27 06:00:00+00:00,0.02
2025-03-27 06:15:00+00:00,0.0
2025-03-27 06:30:00+00:00,0.0
2025-03-27 06:45:00+00:00,0.0
2025-03-27 07:00:00+00:00,0.0
2025-03-27 07:15:00+00:00,0.0
2025-03-27 07:30:00+00:00,0.0
2025-03-27 07:45:00+00:00,0.0
2025-03-27 08:00:00+00:00,0.0
2025-03-27 08:15:00+00:00,0.01
2025-03-27 08:30:00+00:00,0.04
2025-03-27 08:45:00+00:00,0.11
2025-03-27 09:00:00+00:00,0.42000000000000004
2025-03-27 09:15:00+00:00,0.62
2025-03-27 09:30:00+00:00,0.9299999999999999
2025-03-27 09:45:00+00:00,1.01
2025-03-27 10:00:00+00:00,1.12
2025-03-27 10:15:00+00:00,1.1800000000000002
2025-03-27 10:30:00+00:00,0.96
2025-03-27 10:45:00+00:00,0.6
2025-03-27 11:00:00+00:00,0.0
2025-03-27 11:15:00+00:00,0.0
2025-03-27 11:30:00+00:00,0.0
2025-03-27 11:45:00+00:00,0.0
2025-03-27 12:00:00+00:00,0.0
2025-03-27 12:15:00+00:00,0.0
2025-03-27 12:30:00+00:00,0.0
2025-03-27 12:45:00+00:00,0.0
2025-03-27 13:00:00+00:00,0.0
2025-03-27 13:15:00+00:00,0.0
2025-03-27 13:30:00+00:00,0.02
2025-03-27 13:45:00+00:00,0.0
2025-03-27 14:00:00+00:00,0.0
2025-03-27 14:15:00+00:00,0.0
2025-03-27 14:30:00+00:00,0.0
2025-03-27 14:45:00+00:00,0.0
2025-03-27 15:00:00+00:00,0.0
2025-03-27 15:15:00+00:00,0.0
2025-03-27 15:30:00+00:00,0.0
2025-03-27 15:45:00+00:00,0.0
2025-03-27 16:00:00+00:00,0.0
2025-03-27 16:15:00+00:00,0.0
2025-03-27 16:30:00+00:00,0.0
2025-03-27 16:45:00+00:00,0.0
2025-03-27 17:00:00+00:00,0.0
2025-03-27 17:15:00+00:00,0.0
2025-03-27 17:30:00+00:00,0.0
2025-03-27 17:45:00+00:00,0.0
2025-03-27 18:00:00+00:00,0.0
2025-03-27 18:15:00+00:00,0.0
2025-03-27 18:30:00+00:00,0.0
2025-03-27 18:45:00+00:00,0.0
2025-03-27 19:00:00+00:00,0.0
2025-03-27 19:15:00+00:00,0.0
2025-03-27 19:30:00+00:00,0.0
2025-03-27 19:45:00+00:00,0.0
2025-03-27 20:00:00+00:00,0.0
2025-03-27 20:15:00+00:00,0.0
2025-03-27 20:30:00+00:00,0.0
2025-03-27 20:45:00+00:00,0.0
2025-03-27 21:00:00+00:00,0.0
2025-03-27 21:15:00+00:00,0.0
2025-03-27 21:30:00+00:00,0.0
2025-03-27 21:45:00+00:00,0.0
2025-03-27 22:00:00+00:00,0.0
2025-03-27 22:15:00+00:00,0.02
2025-03-27 22:30:00+00:00,0.02
2025-03-27 22:45:00+00:00,0.02
2025-03-27 23:00:00+00:00,0.01
2025-03-27 23:15:00+00:00,0.02
2025-03-27 23:30:00+00:00,0.02
2025-03-27 23:45:00+00:00,0.02
2025-03-28 00:00:00+00:00,0.0
2025-03-28 00:15:00+00:00,0.0
2025-03-28 00:30:00+00:00,0.0
2025-03-28 00:45:00+00:00,0.0
2025-03-28 01:00:00+00:00,0.0
2025-03-28 01:15:00+00:00,0.0
2025-03-28 01:30:00+00:00,0.0
2025-03-28 01:45:00+00:00,0.0
2025-03-28 02:00:00+00:00,0.0
2025-03-28 02:15:00+00:00,0.0
2025-03-28 02:30:00+00:00,0.0
2025-03-28 02:45:00+00:00,0.0
2025-03-28 03:00:00+00:00,0.0
2025-03-28 03:15:00+00:00,0.0
2025-03-28 03:30:00+00:00,0.0
2025-03-28 03:45:00+00:00,0.0
2025-03-28 04:00:00+00:00,0.0
2025-03-28 04:15:00+00:00,0.0
2025-03-28 04:30:00+00:00,0.0
2025-03-28 04:45:00+00:00,0.0
2025-03-28 05:00:00+00:00,0.0
2025-03-28 05:15:00+00:00,0.0
2025-03-28 05:30:00+00:00,0.0
2025-03-28 05:45:00+00:00,0.0
2025-03-28 06:00:00+00:00,0.0
2025-03-28 06:15:00+00:00,0.0
2025-03-28 06:30:00+00:00,0.0
2025-03-28 06:45:00+00:00,0.0
2025-03-28 07:00:00+00:00,0.0
2025-03-28 07:15:00+00:00,0.0
2025-03-28 07:30:00+00:00,0.0
2025-03-28 07:45:00+00:00,0.0
2025-03-28 08:00:00+00:00,0.02
2025-03-28 08:15:00+00:00,0.0
2025-03-28 08:30:00+00:00,0.0
2025-03-28 08:45:00+00:00,0.03
2025-03-28 09:00:00+00:00,0.06
2025-03-28 09:15:00+00:00,0.09
2025-03-28 09:30:00+00:00,0.25
2025-03-28 09:45:00+00:00,0.33
2025-03-28 10:00:00+00:00,1.0
2025-03-28 10:15:00+00:00,1.17
2025-03-28 10:30:00+00:00,1.1600000000000001
2025-03-28 10:45:00+00:00,1.19
2025-03-28 11:00:00+00:00,1.1300000000000001
2025-03-28 11:15:00+00:00,0.71
2025-03-28 11:30:00+00:00,0.0
2025-03-28 11:45:00+00:00,0.0
2025-03-28 12:00:00+00:00,0.0
2025-03-28 12:15:00+00:00,0.0
2025-03-28 12:30:00+00:00,0.0
2025-03-28 12:45:00+00:00,0.0
2025-03-28 13:00:00+00:00,0.0
2025-03-28 13:15:00+00:00,0.01
2025-03-28 13:30:00+00:00,0.0
2025-03-28 13:45:00+00:00,0.0
2025-03-28 14:00:00+00:00,0.0
2025-03-28 14:15:00+00:00,0.02
2025-03-28 14:30:00+00:00,0.0
2025-03-28 14:45:00+00:00,0.0
2025-03-28 15:00:00+00:00,0.0
2025-03-28 15:15:00+00:00,0.07
2025-03-28 15:30:00+00:00,0.0
2025-03-28 15:45:00+00:00,0.0
2025-03-28 16:00:00+00:00,0.0
2025-03-28 16:15:00+00:00,0.02
2025-03-28 16:30:00+00:00,0.0
2025-03-28 16:45:00+00:00,0.09000000000000001
2025-03-28 17:00:00+00:00,0.17
2025-03-28 17:15:00+00:00,0.0
2025-03-28 17:30:00+00:00,0.0
2025-03-28 17:45:00+00:00,0.0
2025-03-28 18:00:00+00:00,0.0
2025-03-28 18:15:00+00:00,0.0
2025-03-28 18:30:00+00:00,0.0
2025-03-28 18:45:00+00:00,0.0
2025-03-28 19:00:00+00:00,0.0
2025-03-28 19:15:00+00:00,0.0
2025-03-28 19:30:00+00:00,0.0
2025-03-28 19:45:00+00:00,0.0
2025-03-28 20:00:00+00:00,0.0
2025-03-28 20:15:00+00:00,0.0
2025-03-28 20:30:00+00:00,0.0
2025-03-28 20:45:00+00:00,0.0
2025-03-28 21:00:00+00:00,0.0
2025-03-28 21:15:00+00:00,0.0
2025-03-28 21:30:00+00:00,0.0
2025-03-28 21:45:00+00:00,0.0
2025-03-28 22:00:00+00:00,0.2
2025-03-28 22:15:00+00:00,0.23
2025-03-28 22:30:00+00:00,0.21000000000000002
2025-03-28 22:45:00+00:00,0.18
2025-03-28 23:00:00+00:00,0.12
2025-03-28 23:15:00+00:00,0.1
2025-03-28 23:30:00+00:00,0.12
2025-03-28 23:45:00+00:00,0.13
2025-03-29 00:00:00+00:00,0.13
2025-03-29 00:15:00+00:00,0.11
2025-03-29 00:30:00+00:00,0.09
2025-03-29 00:45:00+00:00,0.11
2025-03-29 01:00:00+00:00,0.09
2025-03-29 01:15:00+00:00,0.05
2025-03-29 01:30:00+00:00,0.0
2025-03-29 01:45:00+00:00,0.0
2025-03-29 02:00:00+00:00,0.0
2025-03-29 02:15:00+00:00,0.0
2025-03-29 02:30:00+00:00,0.0
2025-03-29 02:45:00+00:00,0.0
2025-03-29 03:00:00+00:00,0.0
2025-03-29 03:15:00+00:00,0.0
2025-03-29 03:30:00+00:00,0.0
2025-03-29 03:45:00+00:00,0.0
2025-03-29 04:00:00+00:00,0.0
2025-03-29 04:15:00+00:00,0.0
2025-03-29 04:30:00+00:00,0.0
2025-03-29 04:45:00+00:00,0.0
2025-03-29 05:00:00+00:00,0.0
2025-03-29 05:15:00+00:00,0.0
2025-03-29 05:30:00+00:00,0.0
2025-03-29 05:45:00+00:00,0.0
2025-03-29 06:00:00+00:00,0.0
2025-03-29 06:15:00+00:00,0.0
2025-03-29 06:30:00+00:00,0.0
2025-03-29 06:45:00+00:00,0.0
2025-03-29 07:00:00+00:00,0.0
2025-03-29 07:15:00+00:00,0.0
2025-03-29 07:30:00+00:00,0.0
2025-03-29 07:45:00+00:00,0.0
2025-03-29 08:00:00+00:00,0.0
2025-03-29 08:15:00+00:00,0.02
2025-03-29 08:30:00+00:00,0.09
2025-03-29 08:45:00+00:00,0.11
2025-03-29 09:00:00+00:00,0.06
2025-03-29 09:15:00+00:00,0.27
2025-03-29 09:30:00+00:00,0.67
2025-03-29 09:45:00+00:00,0.8200000000000001
2025-03-29 10:00:00+00:00,0.86
2025-03-29 10:15:00+00:00,0.71
2025-03-29 10:30:00+00:00,0.69
2025-03-29 10:45:00+00:00,0.8400000000000001
2025-03-29 11:00:00+00:00,1.0
2025-03-29 11:15:00+00:00,0.9400000000000001
2025-03-29 11:30:00+00:00,0.0
2025-03-29 11:45:00+00:00,0.0
2025-03-29 12:00:00+00:00,0.0
2025-03-29 12:15:00+00:00,0.0
2025-03-29 12:30:00+00:00,0.0
2025-03-29 12:45:00+00:00,0.0
2025-03-29 13:00:00+00:00,0.0
2025-03-29 13:15:00+00:00,0.0
2025-03-29 13:30:00+00:00,0.0
2025-03-29 13:45:00+00:00,0.0
2025-03-29 14:00:00+00:00,0.0
2025-03-29 14:15:00+00:00,0.0
2025-03-29 14:30:00+00:00,0.0
2025-03-29 14:45:00+00:00,0.0
2025-03-29 15:00:00+00:00,0.0
2025-03-29 15:15:00+00:00,0.0
2025-03-29 15:30:00+00:00,0.0
2025-03-29 15:45:00+00:00,0.0
2025-03-29 16:00:00+00:00,0.0
2025-03-29 16:15:00+00:00,0.0
2025-03-29 16:30:00+00:00,0.0
2025-03-29 16:45:00+00:00,0.0
2025-03-29 17:00:00+00:00,0.0
2025-03-29 17:15:00+00:00,0.0
2025-03-29 17:30:00+00:00,0.0
2025-03-29 17:45:00+00:00,0.0
2025-03-29 18:00:00+00:00,0.0
2025-03-29 18:15:00+00:00,0.0
2025-03-29 18:30:00+00:00,0.0
2025-03-29 18:45:00+00:00,0.0
2025-03-29 19:00:00+00:00,0.0
2025-03-29 19:15:00+00:00,0.0
2025-03-29 19:30:00+00:00,0.0
2025-03-29 19:45:00+00:00,0.0
2025-03-29 20:00:00+00:00,0.0
2025-03-29 20:15:00+00:00,0.0
2025-03-29 20:30:00+00:00,0.0
2025-03-29 20:45:00+00:00,0.0
2025-03-29 21:00:00+00:00,0.0
2025-03-29 21:15:00+00:00,0.0
2025-03-29 21:30:00+00:00,0.0
2025-03-29 21:45:00+00:00,0.0
2025-03-29 22:00:00+00:00,0.35
2025-03-29 22:15:00+00:00,0.4
2025-03-29 22:30:00+00:00,0.26
2025-03-29 22:45:00+00:00,0.23
2025-03-29 23:00:00+00:00,0.11
2025-03-29 23:15:00+00:00,0.11000000000000001
2025-03-29 23:30:00+00:00,0.15
2025-03-29 23:45:00+00:00,0.16
2025-03-30 00:00:00+00:00,0.15
2025-03-30 00:15:00+00:00,0.14
2025-03-30 00:30:00+00:00,0.13
2025-03-30 00:45:00+00:00,0.11
2025-03-30 01:00:00+00:00,0.09
2025-03-30 01:15:00+00:00,0.05
2025-03-30 01:30:00+00:00,0.0
2025-03-30 01:45:00+00:00,0.0
2025-03-30 02:00:00+00:00,0.0
2025-03-30 02:15:00+00:00,0.0
2025-03-30 02:30:00+00:00,0.0
2025-03-30 02:45:00+00:00,0.0
2025-03-30 03:00:00+00:00,0.0
2025-03-30 03:15:00+00:00,0.06
2025-03-30 03:30:00+00:00,0.05
2025-03-30 03:45:00+00:00,0.06
2025-03-30 04:00:00+00:00,0.03
2025-03-30 04:15:00+00:00,0.04
2025-03-30 04:30:00+00:00,0.04
2025-03-30 04:45:00+00:00,0.03
2025-03-30 05:00:00+00:00,0.02
2025-03-30 05:15:00+00:00,0.04
2025-03-30 05:30:00+00:00,0.03
2025-03-30 05:45:00+00:00,0.06
2025-03-30 06:00:00+00:00,0.04
2025-03-30 06:15:00+00:00,0.03
2025-03-30 06:30:00+00:00,0.04
2025-03-30 06:45:00+00:00,0.05
2025-03-30 07:00:00+00:00,0.02
2025-03-30 07:15:00+00:00,0.0
2025-03-30 07:30:00+00:00,0.0
2025-03-30 07:45:00+00:00,0.0
2025-03-30 08:00:00+00:00,0.0
2025-03-30 08:15:00+00:00,0.04
2025-03-30 08:30:00+00:00,0.16
2025-03-30 08:45:00+00:00,0.33
2025-03-30 09:00:00+00:00,0.47000000000000003
2025-03-30 09:15:00+00:00,0.64
2025-03-30 09:30:00+00:00,0.75
2025-03-30 09:45:00+00:00,0.8899999999999999
2025-03-30 10:00:00+00:00,0.98
2025-03-30 10:15:00+00:00,1.09
2025-03-30 10:30:00+00:00,1.19
2025-03-30 10:45:00+00:00,0.34
2025-03-30 11:00:00+00:00,0.0
2025-03-30 11:15:00+00:00,0.0
2025-03-30 11:30:00+00:00,0.13
2025-03-30 11:45:00+00:00,0.0
2025-03-30 12:00:00+00:00,0.02
2025-03-30 12:15:00+00:00,0.0
2025-03-30 12:30:00+00:00,0.0
2025-03-30 12:45:00+00:00,0.0
2025-03-30 13:00:00+00:00,0.0
2025-03-30 13:15:00+00:00,0.0
2025-03-30 13:30:00+00:00,0.0
2025-03-30 13:45:00+00:00,0.0
2025-03-30 14:00:00+00:00,0.0
2025-03-30 14:15:00+00:00,0.0
2025-03-30 14:30:00+00:00,0.0
2025-03-30 14:45:00+00:00,0.0
2025-03-30 15:00:00+00:00,0.0
2025-03-30 15:15:00+00:00,0.0
2025-03-30 15:30:00+00:00,0.07
2025-03-30 15:45:00+00:00,0.0
2025-03-30 16:00:00+00:00,0.0
2025-03-30 16:15:00+00:00,0.0
2025-03-30 16:30:00+00:00,0.02
2025-03-30 16:45:00+00:00,0.07
2025-03-30 17:00:00+00:00,0.06999999999999999
2025-03-30 17:15:00+00:00,0.0
2025-03-30 17:30:00+00:00,0.0
2025-03-30 17:45:00+00:00,0.0
2025-03-30 18:00:00+00:00,0.0
2025-03-30 18:15:00+00:00,0.0
2025-03-30 18:30:00+00:00,0.0
2025-03-30 18:45:00+00:00,0.0
2025-03-30 19:00:00+00:00,0.0
2025-03-30 19:15:00+00:00,0.0
2025-03-30 19:30:00+00:00,0.0
2025-03-30 19:45:00+00:00,0.0
2025-03-30 20:00:00+00:00,0.0
2025-03-30 20:15:00+00:00,0.0
2025-03-30 20:30:00+00:00,0.0
2025-03-30 20:45:00+00:00,0.0
2025-03-30 21:00:00+00:00,0.31
2025-03-30 21:15:00+00:00,0.35
2025-03-30 21:30:00+00:00,0.25
2025-03-30 21:45:00+00:00,0.22000000000000003
2025-03-30 22:00:00+00:00,0.09
2025-03-30 22:15:00+00:00,0.11
2025-03-30 22:30:00+00:00,0.15
2025-03-30 22:45:00+00:00,0.16
2025-03-30 23:00:00+00:00,0.13
2025-03-30 23:15:00+00:00,0.11
2025-03-30 23:30:00+00:00,0.13
2025-03-30 23:45:00+00:00,0.12
2025-03-31 00:00:00+00:00,0.1
2025-03-31 00:15:00+00:00,0.05
2025-03-31 00:30:00+00:00,0.0
2025-03-31 00:45:00+00:00,0.0
2025-03-31 01:00:00+00:00,0.0
2025-03-31 01:15:00+00:00,0.0
2025-03-31 01:30:00+00:00,0.0
2025-03-31 01:45:00+00:00,0.0
2025-03-31 02:00:00+00:00,0.0
2025-03-31 02:15:00+00:00,0.0
2025-03-31 02:30:00+00:00,0.04
2025-03-31 02:45:00+00:00,0.01
2025-03-31 03:00:00+00:00,0.02
2025-03-31 03:15:00+00:00,0.04
2025-03-31 03:30:00+00:00,0.0
2025-03-31 03:45:00+00:00,0.02
2025-03-31 04:00:00+00:00,0.03
2025-03-31 04:15:00+00:00,0.02
2025-03-31 04:30:00+00:00,0.04
2025-03-31 04:45:00+00:00,0.02
2025-03-31 05:00:00+00:00,0.02
2025-03-31 05:15:00+00:00,0.03
2025-03-31 05:30:00+00:00,0.06
2025-03-31 05:45:00+00:00,0.03
2025-03-31 06:00:00+00:00,0.06
2025-03-31 06:15:00+00:00,0.03
2025-03-31 06:30:00+00:00,0.06
2025-03-31 06:45:00+00:00,0.03
2025-03-31 07:00:00+00:00,0.02
2025-03-31 07:15:00+00:00,0.0
2025-03-31 07:30:00+00:00,0.0
2025-03-31 07:45:00+00:00,0.0
2025-03-31 08:00:00+00:00,0.0
2025-03-31 08:15:00+00:00,0.04
2025-03-31 08:30:00+00:00,0.04
2025-03-31 08:45:00+00:00,0.030000000000000002
2025-03-31 09:00:00+00:00,0.29
2025-03-31 09:15:00+00:00,0.5900000000000001
2025-03-31 09:30:00+00:00,0.78
2025-03-31 09:45:00+00:00,0.8899999999999999
2025-03-31 10:00:00+00:00,0.78
2025-03-31 10:15:00+00:00,0.66
2025-03-31 10:30:00+00:00,0.89
2025-03-31 10:45:00+00:00,0.9099999999999999
2025-03-31 11:00:00+00:00,0.22
2025-03-31 11:15:00+00:00,0.0
2025-03-31 11:30:00+00:00,0.0
2025-03-31 11:45:00+00:00,0.0
2025-03-31 12:00:00+00:00,0.0
2025-03-31 12:15:00+00:00,0.0
2025-03-31 12:30:00+00:00,0.0
2025-03-31 12:45:00+00:00,0.0
2025-03-31 13:00:00+00:00,0.0
2025-03-31 13:15:00+00:00,0.0
2025-03-31 13:30:00+00:00,0.0
2025-03-31 13:45:00+00:00,0.0
2025-03-31 14:00:00+00:00,0.0
2025-03-31 14:15:00+00:00,0.0
2025-03-31 14:30:00+00:00,0.0
2025-03-31 14:45:00+00:00,0.0
2025-03-31 15:00:00+00:00,0.0
2025-03-31 15:15:00+00:00,0.0
2025-03-31 15:30:00+00:00,0.0
2025-03-31 15:45:00+00:00,0.0
2025-03-31 16:00:00+00:00,0.0
2025-03-31 16:15:00+00:00,0.0
2025-03-31 16:30:00+00:00,0.0
2025-03-31 16:45:00+00:00,0.0
2025-03-31 17:00:00+00:00,0.0
2025-03-31 17:15:00+00:00,0.0
2025-03-31 17:30:00+00:00,0.0
2025-03-31 17:45:00+00:00,0.0
2025-03-31 18:00:00+00:00,0.0
2025-03-31 18:15:00+00:00,0.0
2025-03-31 18:30:00+00:00,0.0
2025-03-31 18:45:00+00:00,0.0
2025-03-31 19:00:00+00:00,0.0
2025-03-31 19:15:00+00:00,0.0
2025-03-31 19:30:00+00:00,0.0
2025-03-31 19:45:00+00:00,0.0
2025-03-31 20:00:00+00:00,0.0
2025-03-31 20:15:00+00:00,0.0
2025-03-31 20:30:00+00:00,0.0
2025-03-31 20:45:00+00:00,0.0
2025-03-31 21:00:00+00:00,0.25
2025-03-31 21:15:00+00:00,0.39
2025-03-31 21:30:00+00:00,0.27
2025-03-31 21:45:00+00:00,0.2
2025-03-31 22:00:00+00:00,0.09000000000000001
2025-03-31 22:15:00+00:00,0.11000000000000001
2025-03-31 22:30:00+00:00,0.15
2025-03-31 22:45:00+00:00,0.14
2025-03-31 23:00:00+00:00,0.13
2025-03-31 23:15:00+00:00,0.13
2025-03-31 23:30:00+00:00,0.12
2025-03-31 23:45:00+00:00,0.13
2025-04-01 00:00:00+00:00,0.13
2025-04-01 00:15:00+00:00,0.05
2025-04-01 00:30:00+00:00,0.0
2025-04-01 00:45:00+00:00,0.0
2025-04-01 01:00:00+00:00,0.0
2025-04-01 01:15:00+00:00,0.08
2025-04-01 01:30:00+00:00,0.12
2025-04-01 01:45:00+00:00,0.09
2025-04-01 02:00:00+00:00,0.06
2025-04-01 02:15:00+00:00,0.07
2025-04-01 02:30:00+00:00,0.07
2025-04-01 02:45:00+00:00,0.06
2025-04-01 03:00:00+00:00,0.05
2025-04-01 03:15:00+00:00,0.06
2025-04-01 03:30:00+00:00,0.04
2025-04-01 03:45:00+00:00,0.05
2025-04-01 04:00:00+00:00,0.05
2025-04-01 04:15:00+00:00,0.06
2025-04-01 04:30:00+00:00,0.04
2025-04-01 04:45:00+00:00,0.05
2025-04-01 05:00:00+00:00,0.05
2025-04-01 05:15:00+00:00,0.06
2025-04-01 05:30:00+00:00,0.05
2025-04-01 05:45:00+00:00,0.04
2025-04-01 06:00:00+00:00,0.05
2025-04-01 06:15:00+00:00,0.08
2025-04-01 06:30:00+00:00,0.07
2025-04-01 06:45:00+00:00,0.07
2025-04-01 07:00:00+00:00,0.04
2025-04-01 07:15:00+00:00,0.0
2025-04-01 07:30:00+00:00,0.0
2025-04-01 07:45:00+00:00,0.0
2025-04-01 08:00:00+00:00,0.0
2025-04-01 08:15:00+00:00,0.0
2025-04-01 08:30:00+00:00,0.0
2025-04-01 08:45:00+00:00,0.04
2025-04-01 09:00:00+00:00,0.21000000000000002
2025-04-01 09:15:00+00:00,0.06
2025-04-01 09:30:00+00:00,0.0
2025-04-01 09:45:00+00:00,0.0
2025-04-01 10:00:00+00:00,0.0
2025-04-01 10:15:00+00:00,0.02
2025-04-01 10:30:00+00:00,0.02
2025-04-01 10:45:00+00:00,0.48999999999999994
2025-04-01 11:00:00+00:00,0.51
2025-04-01 11:15:00+00:00,0.25
2025-04-01 11:30:00+00:00,0.6
2025-04-01 11:45:00+00:00,0.5700000000000001
2025-04-01 12:00:00+00:00,0.63
2025-04-01 12:15:00+00:00,0.62
2025-04-01 12:30:00+00:00,0.91
2025-04-01 12:45:00+00:00,0.84
2025-04-01 13:00:00+00:00,0.9299999999999999
2025-04-01 13:15:00+00:00,0.18
2025-04-01 13:30:00+00:00,0.0
2025-04-01 13:45:00+00:00,0.15
2025-04-01 14:00:00+00:00,0.0
2025-04-01 14:15:00+00:00,0.25
2025-04-01 14:30:00+00:00,0.02
2025-04-01 14:45:00+00:00,0.11
2025-04-01 15:00:00+00:00,0.04
2025-04-01 15:15:00+00:00,0.18
2025-04-01 15:30:00+00:00,0.0
2025-04-01 15:45:00+00:00,0.0
2025-04-01 16:00:00+00:00,0.0
2025-04-01 16:15:00+00:00,0.0
2025-04-01 16:30:00+00:00,0.0
2025-04-01 16:45:00+00:00,0.0
2025-04-01 17:00:00+00:00,0.0
2025-04-01 17:15:00+00:00,0.0
2025-04-01 17:30:00+00:00,0.0
2025-04-01 17:45:00+00:00,0.0
2025-04-01 18:00:00+00:00,0.0
2025-04-01 18:15:00+00:00,0.0
2025-04-01 18:30:00+00:00,0.0
2025-04-01 18:45:00+00:00,0.0
2025-04-01 19:00:00+00:00,0.0
2025-04-01 19:15:00+00:00,0.0
2025-04-01 19:30:00+00:00,0.0
2025-04-01 19:45:00+00:00,0.0
2025-04-01 20:00:00+00:00,0.0
2025-04-01 20:15:00+00:00,0.0
2025-04-01 20:30:00+00:00,0.0
2025-04-01 20:45:00+00:00,0.02
2025-04-01 21:00:00+00:00,0.34
2025-04-01 21:15:00+00:00,0.42000000000000004
2025-04-01 21:30:00+00:00,0.27
2025-04-01 21:45:00+00:00,0.26
2025-04-01 22:00:00+00:00,0.09
2025-04-01 22:15:00+00:00,0.09
2025-04-01 22:30:00+00:00,0.15
2025-04-01 22:45:00+00:00,0.14
2025-04-01 23:00:00+00:00,0.13
2025-04-01 23:15:00+00:00,0.11
2025-04-01 23:30:00+00:00,0.11
2025-04-01 23:45:00+00:00,0.11
2025-04-02 00:00:00+00:00,0.09
2025-04-02 00:15:00+00:00,0.09
2025-04-02 00:30:00+00:00,0.09
2025-04-02 00:45:00+00:00,0.09
2025-04-02 01:00:00+00:00,0.11
2025-04-02 01:15:00+00:00,0.09
2025-04-02 01:30:00+00:00,0.09
2025-04-02 01:45:00+00:00,0.09
2025-04-02 02:00:00+00:00,0.11
2025-04-02 02:15:00+00:00,0.07
2025-04-02 02:30:00+00:00,0.1
2025-04-02 02:45:00+00:00,0.11
2025-04-02 03:00:00+00:00,0.09
2025-04-02 03:15:00+00:00,0.11
2025-04-02 03:30:00+00:00,0.1
2025-04-02 03:45:00+00:00,0.13
2025-04-02 04:00:00+00:00,0.11
2025-04-02 04:15:00+00:00,0.13
2025-04-02 04:30:00+00:00,0.13
2025-04-02 04:45:00+00:00,0.14
2025-04-02 05:00:00+00:00,0.15
2025-04-02 05:15:00+00:00,0.14
2025-04-02 05:30:00+00:00,0.04
2025-04-02 05:45:00+00:00,0.22000000000000003
2025-04-02 06:00:00+00:00,0.23
2025-04-02 06:15:00+00:00,0.44000000000000006
2025-04-02 06:30:00+00:00,0.46
2025-04-02 06:45:00+00:00,0.65
2025-04-02 07:00:00+00:00,0.31
2025-04-02 07:15:00+00:00,0.0
2025-04-02 07:30:00+00:00,0.0
2025-04-02 07:45:00+00:00,0.0
2025-04-02 08:00:00+00:00,0.0
2025-04-02 08:15:00+00:00,0.0
2025-04-02 08:30:00+00:00,0.0
2025-04-02 08:45:00+00:00,0.0
2025-04-02 09:00:00+00:00,0.0
2025-04-02 09:15:00+00:00,0.0
2025-04-02 09:30:00+00:00,0.0
2025-04-02 09:45:00+00:00,0.02
2025-04-02 10:00:00+00:00,0.13
2025-04-02 10:15:00+00:00,0.02
2025-04-02 10:30:00+00:00,0.0
2025-04-02 10:45:00+00:00,0.0
2025-04-02 11:00:00+00:00,0.49
2025-04-02 11:15:00+00:00,0.38
2025-04-02 11:30:00+00:00,0.8
2025-04-02 11:45:00+00:00,0.27
2025-04-02 12:00:00+00:00,0.37
2025-04-02 12:15:00+00:00,0.0
2025-04-02 12:30:00+00:00,0.0
2025-04-02 12:45:00+00:00,0.0
2025-04-02 13:00:00+00:00,0.0
2025-04-02 13:15:00+00:00,0.0
2025-04-02 13:30:00+00:00,0.0
2025-04-02 13:45:00+00:00,0.0
2025-04-02 14:00:00+00:00,0.0
2025-04-02 14:15:00+00:00,0.0
2025-04-02 14:30:00+00:00,0.0
2025-04-02 14:45:00+00:00,0.0
2025-04-02 15:00:00+00:00,0.0
2025-04-02 15:15:00+00:00,0.05
2025-04-02 15:30:00+00:00,0.02
2025-04-02 15:45:00+00:00,0.0
2025-04-02 16:00:00+00:00,0.0
2025-04-02 16:15:00+00:00,0.0
2025-04-02 16:30:00+00:00,0.18
2025-04-02 16:45:00+00:00,0.11000000000000001
2025-04-02 17:00:00+00:00,0.0
2025-04-02 17:15:00+00:00,0.0
2025-04-02 17:30:00+00:00,0.0
2025-04-02 17:45:00+00:00,0.0
2025-04-02 18:00:00+00:00,0.02
2025-04-02 18:15:00+00:00,0.0
2025-04-02 18:30:00+00:00,0.0
2025-04-02 18:45:00+00:00,0.0
2025-04-02 19:00:00+00:00,0.0
2025-04-02 19:15:00+00:00,0.0
2025-04-02 19:30:00+00:00,0.0
2025-04-02 19:45:00+00:00,0.0
2025-04-02 20:00:00+00:00,0.0
2025-04-02 20:15:00+00:00,0.0
2025-04-02 20:30:00+00:00,0.0
2025-04-02 20:45:00+00:00,0.0
2025-04-02 21:00:00+00:00,0.05
2025-04-02 21:15:00+00:00,0.11
2025-04-02 21:30:00+00:00,0.06
2025-04-02 21:45:00+00:00,0.03
2025-04-02 22:00:00+00:00,0.02
2025-04-02 22:15:00+00:00,0.0
2025-04-02 22:30:00+00:00,0.04
2025-04-02 22:45:00+00:00,0.02
2025-04-02 23:00:00+00:00,0.03
2025-04-02 23:15:00+00:00,0.02
2025-04-02 23:30:00+00:00,0.04
2025-04-02 23:45:00+00:00,0.03
2025-04-03 00:00:00+00:00,0.0
2025-04-03 00:15:00+00:00,0.1
2025-04-03 00:30:00+00:00,0.12
2025-04-03 00:45:00+00:00,0.08
2025-04-03 01:00:00+00:00,0.07
2025-04-03 01:15:00+00:00,0.05
2025-04-03 01:30:00+00:00,0.06
2025-04-03 01:45:00+00:00,0.05
2025-04-03 02:00:00+00:00,0.04
2025-04-03 02:15:00+00:00,0.05
2025-04-03 02:30:00+00:00,0.04
2025-04-03 02:45:00+00:00,0.04
2025-04-03 03:00:00+00:00,0.05
2025-04-03 03:15:00+00:00,0.06
2025-04-03 03:30:00+00:00,0.03
2025-04-03 03:45:00+00:00,0.06
2025-04-03 04:00:00+00:00,0.03
2025-04-03 04:15:00+00:00,0.06
2025-04-03 04:30:00+00:00,0.05
2025-04-03 04:45:00+00:00,0.04
2025-04-03 05:00:00+00:00,0.05
2025-04-03 05:15:00+00:00,0.04
2025-04-03 05:30:00+00:00,0.05
2025-04-03 05:45:00+00:00,0.04
2025-04-03 06:00:00+00:00,0.06
2025-04-03 06:15:00+00:00,0.05
2025-04-03 06:30:00+00:00,0.04
2025-04-03 06:45:00+00:00,0.05
2025-04-03 07:00:00+00:00,0.02
2025-04-03 07:15:00+00:00,0.0
2025-04-03 07:30:00+00:00,0.0
2025-04-03 07:45:00+00:00,0.0
2025-04-03 08:00:00+00:00,0.0
2025-04-03 08:15:00+00:00,0.0
2025-04-03 08:30:00+00:00,0.0
2025-04-03 08:45:00+00:00,0.0
2025-04-03 09:00:00+00:00,0.04
2025-04-03 09:15:00+00:00,0.01
2025-04-03 09:30:00+00:00,0.11000000000000001
2025-04-03 09:45:00+00:00,0.28
2025-04-03 10:00:00+00:00,0.12
2025-04-03 10:15:00+00:00,0.08
2025-04-03 10:30:00+00:00,0.16
2025-04-03 10:45:00+00:00,0.05
2025-04-03 11:00:00+00:00,0.21000000000000002
2025-04-03 11:15:00+00:00,0.2
2025-04-03 11:30:00+00:00,0.9400000000000001
2025-04-03 11:45:00+00:00,0.86
2025-04-03 12:00:00+00:00,0.63
2025-04-03 12:15:00+00:00,0.1
2025-04-03 12:30:00+00:00,0.03
2025-04-03 12:45:00+00:00,0.02
2025-04-03 13:00:00+00:00,0.18
2025-04-03 13:15:00+00:00,0.17
2025-04-03 13:30:00+00:00,0.54
2025-04-03 13:45:00+00:00,0.77
2025-04-03 14:00:00+00:00,0.4
2025-04-03 14:15:00+00:00,0.63
2025-04-03 14:30:00+00:00,0.13
2025-04-03 14:45:00+00:00,0.0
2025-04-03 15:00:00+00:00,0.04
2025-04-03 15:15:00+00:00,0.25
2025-04-03 15:30:00+00:00,0.0
2025-04-03 15:45:00+00:00,0.0
2025-04-03 16:00:00+00:00,0.0
2025-04-03 16:15:00+00:00,0.0
2025-04-03 16:30:00+00:00,0.0
2025-04-03 16:45:00+00:00,0.0
2025-04-03 17:00:00+00:00,0.0
2025-04-03 17:15:00+00:00,0.0
2025-04-03 17:30:00+00:00,0.0
2025-04-03 17:45:00+00:00,0.0
2025-04-03 18:00:00+00:00,0.0
2025-04-03 18:15:00+00:00,0.0
2025-04-03 18:30:00+00:00,0.0
2025-04-03 18:45:00+00:00,0.0
2025-04-03 19:00:00+00:00,0.0
2025-04-03 19:15:00+00:00,0.0
2025-04-03 19:30:00+00:00,0.0
2025-04-03 19:45:00+00:00,0.0
2025-04-03 20:00:00+00:00,0.0
2025-04-03 20:15:00+00:00,0.0
2025-04-03 20:30:00+00:00,0.0
2025-04-03 20:45:00+00:00,0.0
2025-04-03 21:00:00+00:00,0.22
2025-04-03 21:15:00+00:00,0.26
2025-04-03 21:30:00+00:00,0.16
2025-04-03 21:45:00+00:00,0.11
2025-04-03 22:00:00+00:00,0.04
2025-04-03 22:15:00+00:00,0.03
2025-04-03 22:30:00+00:00,0.08
2025-04-03 22:45:00+00:00,0.07
2025-04-03 23:00:00+00:00,0.07
2025-04-03 23:15:00+00:00,0.06
2025-04-03 23:30:00+00:00,0.09
2025-04-03 23:45:00+00:00,0.07
2025-04-04 00:00:00+00:00,0.05
2025-04-04 00:15:00+00:00,0.02
2025-04-04 00:30:00+00:00,0.0
2025-04-04 00:45:00+00:00,0.0
2025-04-04 01:00:00+00:00,0.0
2025-04-04 01:15:00+00:00,0.0
2025-04-04 01:30:00+00:00,0.0
2025-04-04 01:45:00+00:00,0.0
2025-04-04 02:00:00+00:00,0.0
2025-04-04 02:15:00+00:00,0.02
2025-04-04 02:30:00+00:00,0.02
2025-04-04 02:45:00+00:00,0.02
2025-04-04 03:00:00+00:00,0.03
2025-04-04 03:15:00+00:00,0.02
2025-04-04 03:30:00+00:00,0.02
2025-04-04 03:45:00+00:00,0.02
2025-04-04 04:00:00+00:00,0.03
2025-04-04 04:15:00+00:00,0.02
2025-04-04 04:30:00+00:00,0.02
2025-04-04 04:45:00+00:00,0.04
2025-04-04 05:00:00+00:00,0.02
2025-04-04 05:15:00+00:00,0.03
2025-04-04 05:30:00+00:00,0.04
2025-04-04 05:45:00+00:00,0.05
2025-04-04 06:00:00+00:00,0.04
2025-04-04 06:15:00+00:00,0.05
2025-04-04 06:30:00+00:00,0.04
2025-04-04 06:45:00+00:00,0.05
2025-04-04 07:00:00+00:00,0.02
2025-04-04 07:15:00+00:00,0.0
2025-04-04 07:30:00+00:00,0.0
2025-04-04 07:45:00+00:00,0.0
2025-04-04 08:00:00+00:00,0.04
2025-04-04 08:15:00+00:00,0.02
2025-04-04 08:30:00+00:00,0.0
2025-04-04 08:45:00+00:00,0.0
2025-04-04 09:00:00+00:00,0.0
2025-04-04 09:15:00+00:00,0.0
2025-04-04 09:30:00+00:00,0.0
2025-04-04 09:45:00+00:00,0.07
2025-04-04 10:00:00+00:00,0.0
2025-04-04 10:15:00+00:00,0.0
2025-04-04 10:30:00+00:00,0.0
2025-04-04 10:45:00+00:00,0.0
2025-04-04 11:00:00+00:00,0.98
2025-04-04 11:15:00+00:00,0.66
2025-04-04 11:30:00+00:00,0.0
2025-04-04 11:45:00+00:00,0.04
2025-04-04 12:00:00+00:00,0.05
2025-04-04 12:15:00+00:00,0.0
2025-04-04 12:30:00+00:00,0.0
2025-04-04 12:45:00+00:00,0.0
2025-04-04 13:00:00+00:00,0.0
2025-04-04 13:15:00+00:00,0.0
2025-04-04 13:30:00+00:00,0.02
2025-04-04 13:45:00+00:00,0.03
2025-04-04 14:00:00+00:00,0.46
2025-04-04 14:15:00+00:00,0.02
2025-04-04 14:30:00+00:00,0.0
2025-04-04 14:45:00+00:00,0.0
2025-04-04 15:00:00+00:00,0.0
2025-04-04 15:15:00+00:00,0.0
2025-04-04 15:30:00+00:00,0.0
2025-04-04 15:45:00+00:00,0.0
2025-04-04 16:00:00+00:00,0.0
2025-04-04 16:15:00+00:00,0.0
2025-04-04 16:30:00+00:00,0.0
2025-04-04 16:45:00+00:00,0.0
2025-04-04 17:00:00+00:00,0.0
2025-04-04 17:15:00+00:00,0.0
2025-04-04 17:30:00+00:00,0.0
2025-04-04 17:45:00+00:00,0.0
2025-04-04 18:00:00+00:00,0.0
2025-04-04 18:15:00+00:00,0.0
2025-04-04 18:30:00+00:00,0.0
2025-04-04 18:45:00+00:00,0.0
2025-04-04 19:00:00+00:00,0.02
2025-04-04 19:15:00+00:00,0.0
2025-04-04 19:30:00+00:00,0.0
2025-04-04 19:45:00+00:00,0.0
2025-04-04 20:00:00+00:00,0.0
2025-04-04 20:15:00+00:00,0.0
2025-04-04 20:30:00+00:00,0.0
2025-04-04 20:45:00+00:00,0.0
2025-04-04 21:00:00+00:00,0.14
2025-04-04 21:15:00+00:00,0.15000000000000002
2025-04-04 21:30:00+00:00,0.11
2025-04-04 21:45:00+00:00,0.07
2025-04-04 22:00:00+00:00,0.04
2025-04-04 22:15:00+00:00,0.01
2025-04-04 22:30:00+00:00,0.06
2025-04-04 22:45:00+00:00,0.05
2025-04-04 23:00:00+00:00,0.04
2025-04-04 23:15:00+00:00,0.05
2025-04-04 23:30:00+00:00,0.04
2025-04-04 23:45:00+00:00,0.02
2025-04-05 00:00:00+00:00,0.02
2025-04-05 00:15:00+00:00,0.02
2025-04-05 00:30:00+00:00,0.0
2025-04-05 00:45:00+00:00,0.0
2025-04-05 01:00:00+00:00,0.0
2025-04-05 01:15:00+00:00,0.0
2025-04-05 01:30:00+00:00,0.0
2025-04-05 01:45:00+00:00,0.0
2025-04-05 02:00:00+00:00,0.0
2025-04-05 02:15:00+00:00,0.0
2025-04-05 02:30:00+00:00,0.0
2025-04-05 02:45:00+00:00,0.0
2025-04-05 03:00:00+00:00,0.0
2025-04-05 03:15:00+00:00,0.0
2025-04-05 03:30:00+00:00,0.0
2025-04-05 03:45:00+00:00,0.0
2025-04-05 04:00:00+00:00,0.0
2025-04-05 04:15:00+00:00,0.03
2025-04-05 04:30:00+00:00,0.04
2025-04-05 04:45:00+00:00,0.03
2025-04-05 05:00:00+00:00,0.02
2025-04-05 05:15:00+00:00,0.06
2025-04-05 05:30:00+00:00,0.05
2025-04-05 05:45:00+00:00,0.04
2025-04-05 06:00:00+00:00,0.03
2025-04-05 06:15:00+00:00,0.06
2025-04-05 06:30:00+00:00,0.05
2025-04-05 06:45:00+00:00,0.04
2025-04-05 07:00:00+00:00,0.04
2025-04-05 07:15:00+00:00,0.0
2025-04-05 07:30:00+00:00,0.0
2025-04-05 07:45:00+00:00,0.0
2025-04-05 08:00:00+00:00,0.0
2025-04-05 08:15:00+00:00,0.09
2025-04-05 08:30:00+00:00,0.14
2025-04-05 08:45:00+00:00,0.0
2025-04-05 09:00:00+00:00,0.04
2025-04-05 09:15:00+00:00,0.13
2025-04-05 09:30:00+00:00,0.03
2025-04-05 09:45:00+00:00,0.4
2025-04-05 10:00:00+00:00,0.1
2025-04-05 10:15:00+00:00,0.1
2025-04-05 10:30:00+00:00,0.35000000000000003
2025-04-05 10:45:00+00:00,0.4
2025-04-05 11:00:00+00:00,0.57
2025-04-05 11:15:00+00:00,0.56
2025-04-05 11:30:00+00:00,0.49
2025-04-05 11:45:00+00:00,0.0
2025-04-05 12:00:00+00:00,0.0
2025-04-05 12:15:00+00:00,0.13
2025-04-05 12:30:00+00:00,0.0
2025-04-05 12:45:00+00:00,0.02
2025-04-05 13:00:00+00:00,0.03
2025-04-05 13:15:00+00:00,0.04
2025-04-05 13:30:00+00:00,0.76
2025-04-05 13:45:00+00:00,0.11
2025-04-05 14:00:00+00:00,0.0
2025-04-05 14:15:00+00:00,0.0
2025-04-05 14:30:00+00:00,0.0
2025-04-05 14:45:00+00:00,0.0
2025-04-05 15:00:00+00:00,0.02
2025-04-05 15:15:00+00:00,0.02
2025-04-05 15:30:00+00:00,0.02
2025-04-05 15:45:00+00:00,0.0
2025-04-05 16:00:00+00:00,0.0
2025-04-05 16:15:00+00:00,0.02
2025-04-05 16:30:00+00:00,0.11
2025-04-05 16:45:00+00:00,0.0
2025-04-05 17:00:00+00:00,0.0
2025-04-05 17:15:00+00:00,0.0
2025-04-05 17:30:00+00:00,0.0
2025-04-05 17:45:00+00:00,0.0
2025-04-05 18:00:00+00:00,0.0
2025-04-05 18:15:00+00:00,0.0
2025-04-05 18:30:00+00:00,0.0
2025-04-05 18:45:00+00:00,0.0
2025-04-05 19:00:00+00:00,0.0
2025-04-05 19:15:00+00:00,0.0
2025-04-05 19:30:00+00:00,0.0
2025-04-05 19:45:00+00:00,0.0
2025-04-05 20:00:00+00:00,0.0
2025-04-05 20:15:00+00:00,0.0
2025-04-05 20:30:00+00:00,0.0
2025-04-05 20:45:00+00:00,0.0
2025-04-05 21:00:00+00:00,0.32
2025-04-05 21:15:00+00:00,0.39
2025-04-05 21:30:00+00:00,0.25
2025-04-05 21:45:00+00:00,0.2
2025-04-05 22:00:00+00:00,0.2
2025-04-05 22:15:00+00:00,0.07
2025-04-05 22:30:00+00:00,0.15
2025-04-05 22:45:00+00:00,0.13
2025-04-05 23:00:00+00:00,0.12
2025-04-05 23:15:00+00:00,0.13
2025-04-05 23:30:00+00:00,0.11000000000000001
2025-04-05 23:45:00+00:00,0.11
2025-04-06 00:00:00+00:00,0.09
2025-04-06 00:15:00+00:00,0.04
2025-04-06 00:30:00+00:00,0.0
2025-04-06 00:45:00+00:00,0.0
2025-04-06 01:00:00+00:00,0.0
2025-04-06 01:15:00+00:00,0.0
2025-04-06 01:30:00+00:00,0.0
2025-04-06 01:45:00+00:00,0.02
2025-04-06 02:00:00+00:00,0.0
2025-04-06 02:15:00+00:00,0.0
2025-04-06 02:30:00+00:00,0.0
2025-04-06 02:45:00+00:00,0.0
2025-04-06 03:00:00+00:00,0.0
2025-04-06 03:15:00+00:00,0.0
2025-04-06 03:30:00+00:00,0.01
2025-04-06 03:45:00+00:00,0.04
2025-04-06 04:00:00+00:00,0.02
2025-04-06 04:15:00+00:00,0.02
2025-04-06 04:30:00+00:00,0.01
2025-04-06 04:45:00+00:00,0.04
2025-04-06 05:00:00+00:00,0.02
2025-04-06 05:15:00+00:00,0.04
2025-04-06 05:30:00+00:00,0.030000000000000002
2025-04-06 05:45:00+00:00,0.04
2025-04-06 06:00:00+00:00,0.02
2025-04-06 06:15:00+00:00,0.05
2025-04-06 06:30:00+00:00,0.07
2025-04-06 06:45:00+00:00,0.08
2025-04-06 07:00:00+00:00,0.02
2025-04-06 07:15:00+00:00,0.0
2025-04-06 07:30:00+00:00,0.0
2025-04-06 07:45:00+00:00,0.0
2025-04-06 08:00:00+00:00,0.0
2025-04-06 08:15:00+00:00,0.0
2025-04-06 08:30:00+00:00,0.0
2025-04-06 08:45:00+00:00,0.0
2025-04-06 09:00:00+00:00,0.0
2025-04-06 09:15:00+00:00,0.06999999999999999
2025-04-06 09:30:00+00:00,0.23
2025-04-06 09:45:00+00:00,0.08
2025-04-06 10:00:00+00:00,0.11000000000000001
2025-04-06 10:15:00+00:00,0.62
2025-04-06 10:30:00+00:00,1.0
2025-04-06 10:45:00+00:00,1.2000000000000002
2025-04-06 11:00:00+00:00,1.2000000000000002
2025-04-06 11:15:00+00:00,0.75
2025-04-06 11:30:00+00:00,0.0
2025-04-06 11:45:00+00:00,0.0
2025-04-06 12:00:00+00:00,0.0
2025-04-06 12:15:00+00:00,0.0
2025-04-06 12:30:00+00:00,0.0
2025-04-06 12:45:00+00:00,0.0
2025-04-06 13:00:00+00:00,0.0
2025-04-06 13:15:00+00:00,0.0
2025-04-06 13:30:00+00:00,0.0
2025-04-06 13:45:00+00:00,0.0
2025-04-06 14:00:00+00:00,0.0
2025-04-06 14:15:00+00:00,0.11
2025-04-06 14:30:00+00:00,0.07
2025-04-06 14:45:00+00:00,0.14
2025-04-06 15:00:00+00:00,0.06
2025-04-06 15:15:00+00:00,0.03
2025-04-06 15:30:00+00:00,0.8200000000000001
2025-04-06 15:45:00+00:00,0.44
2025-04-06 16:00:00+00:00,0.31
2025-04-06 16:15:00+00:00,0.2
2025-04-06 16:30:00+00:00,0.0
2025-04-06 16:45:00+00:00,0.0
2025-04-06 17:00:00+00:00,0.0
2025-04-06 17:15:00+00:00,0.0
2025-04-06 17:30:00+00:00,0.0
2025-04-06 17:45:00+00:00,0.0
2025-04-06 18:00:00+00:00,0.0
2025-04-06 18:15:00+00:00,0.0
2025-04-06 18:30:00+00:00,0.0
2025-04-06 18:45:00+00:00,0.0
2025-04-06 19:00:00+00:00,0.0
2025-04-06 19:15:00+00:00,0.0
2025-04-06 19:30:00+00:00,0.0
2025-04-06 19:45:00+00:00,0.0
2025-04-06 20:00:00+00:00,0.0
2025-04-06 20:15:00+00:00,0.0
2025-04-06 20:30:00+00:00,0.0
2025-04-06 20:45:00+00:00,0.0
2025-04-06 21:00:00+00:00,0.07
2025-04-06 21:15:00+00:00,0.08
2025-04-06 21:30:00+00:00,0.03
2025-04-06 21:45:00+00:00,0.0
2025-04-06 22:00:00+00:00,0.02
2025-04-06 22:15:00+00:00,0.04
2025-04-06 22:30:00+00:00,0.02
2025-04-06 22:45:00+00:00,0.03
2025-04-06 23:00:00+00:00,0.02
2025-04-06 23:15:00+00:00,0.02
2025-04-06 23:30:00+00:00,0.03
2025-04-06 23:45:00+00:00,0.02
2025-04-07 00:00:00+00:00,0.02
2025-04-07 00:15:00+00:00,0.13
2025-04-07 00:30:00+00:00,0.16
2025-04-07 00:45:00+00:00,0.08
2025-04-07 01:00:00+00:00,0.05
2025-04-07 01:15:00+00:00,0.05
2025-04-07 01:30:00+00:00,0.04
2025-04-07 01:45:00+00:00,0.06
2025-04-07 02:00:00+00:00,0.03
2025-04-07 02:15:00+00:00,0.06
2025-04-07 02:30:00+00:00,0.05
2025-04-07 02:45:00+00:00,0.04
2025-04-07 03:00:00+00:00,0.03
2025-04-07 03:15:00+00:00,0.04
2025-04-07 03:30:00+00:00,0.04
2025-04-07 03:45:00+00:00,0.03
2025-04-07 04:00:00+00:00,0.06
2025-04-07 04:15:00+00:00,0.03
2025-04-07 04:30:00+00:00,0.06
2025-04-07 04:45:00+00:00,0.04
2025-04-07 05:00:00+00:00,0.05
2025-04-07 05:15:00+00:00,0.05
2025-04-07 05:30:00+00:00,0.04
2025-04-07 05:45:00+00:00,0.06
2025-04-07 06:00:00+00:00,0.03
2025-04-07 06:15:00+00:00,0.06
2025-04-07 06:30:00+00:00,0.030000000000000002
2025-04-07 06:45:00+00:00,0.06
2025-04-07 07:00:00+00:00,0.02
2025-04-07 07:15:00+00:00,0.0
2025-04-07 07:30:00+00:00,0.0
2025-04-07 07:45:00+00:00,0.0
2025-04-07 08:00:00+00:00,0.0
2025-04-07 08:15:00+00:00,0.01
2025-04-07 08:30:00+00:00,0.0
2025-04-07 08:45:00+00:00,0.0
2025-04-07 09:00:00+00:00,0.17
2025-04-07 09:15:00+00:00,0.4
2025-04-07 09:30:00+00:00,0.5800000000000001
2025-04-07 09:45:00+00:00,0.6000000000000001
2025-04-07 10:00:00+00:00,0.95
2025-04-07 10:15:00+00:00,1.05
2025-04-07 10:30:00+00:00,1.13
2025-04-07 10:45:00+00:00,1.17
2025-04-07 11:00:00+00:00,0.8700000000000001
2025-04-07 11:15:00+00:00,0.0
2025-04-07 11:30:00+00:00,0.0
2025-04-07 11:45:00+00:00,0.0
2025-04-07 12:00:00+00:00,0.02
2025-04-07 12:15:00+00:00,0.0
2025-04-07 12:30:00+00:00,0.0
2025-04-07 12:45:00+00:00,0.0
2025-04-07 13:00:00+00:00,0.0
2025-04-07 13:15:00+00:00,0.0
2025-04-07 13:30:00+00:00,0.0
2025-04-07 13:45:00+00:00,0.0
2025-04-07 14:00:00+00:00,0.04
2025-04-07 14:15:00+00:00,0.01
2025-04-07 14:30:00+00:00,0.0
2025-04-07 14:45:00+00:00,0.06
2025-04-07 15:00:00+00:00,0.2
2025-04-07 15:15:00+00:00,0.07
2025-04-07 15:30:00+00:00,0.06
2025-04-07 15:45:00+00:00,0.05
2025-04-07 16:00:00+00:00,0.29
2025-04-07 16:15:00+00:00,0.0
2025-04-07 16:30:00+00:00,0.0
2025-04-07 16:45:00+00:00,0.0
2025-04-07 17:00:00+00:00,0.0
2025-04-07 17:15:00+00:00,0.0
2025-04-07 17:30:00+00:00,0.0
2025-04-07 17:45:00+00:00,0.0
2025-04-07 18:00:00+00:00,0.0
2025-04-07 18:15:00+00:00,0.0
2025-04-07 18:30:00+00:00,0.0
2025-04-07 18:45:00+00:00,0.0
2025-04-07 19:00:00+00:00,0.0
2025-04-07 19:15:00+00:00,0.0
2025-04-07 19:30:00+00:00,0.0
2025-04-07 19:45:00+00:00,0.0
2025-04-07 20:00:00+00:00,0.0
2025-04-07 20:15:00+00:00,0.0
2025-04-07 20:30:00+00:00,0.0
2025-04-07 20:45:00+00:00,0.0
2025-04-07 21:00:00+00:00,0.31
2025-04-07 21:15:00+00:00,0.35
2025-04-07 21:30:00+00:00,0.23
2025-04-07 21:45:00+00:00,0.19
2025-04-07 22:00:00+00:00,0.09
2025-04-07 22:15:00+00:00,0.07
2025-04-07 22:30:00+00:00,0.16
2025-04-07 22:45:00+00:00,0.13
2025-04-07 23:00:00+00:00,0.11
2025-04-07 23:15:00+00:00,0.11000000000000001
2025-04-07 23:30:00+00:00,0.11
2025-04-07 23:45:00+00:00,0.09
2025-04-08 00:00:00+00:00,0.11
2025-04-08 00:15:00+00:00,0.04
2025-04-08 00:30:00+00:00,0.0
2025-04-08 00:45:00+00:00,0.0
2025-04-08 01:00:00+00:00,0.0
2025-04-08 01:15:00+00:00,0.07
2025-04-08 01:30:00+00:00,0.11
2025-04-08 01:45:00+00:00,0.05
2025-04-08 02:00:00+00:00,0.06
2025-04-08 02:15:00+00:00,0.03
2025-04-08 02:30:00+00:00,0.04
2025-04-08 02:45:00+00:00,0.05
2025-04-08 03:00:00+00:00,0.04
2025-04-08 03:15:00+00:00,0.04
2025-04-08 03:30:00+00:00,0.03
2025-04-08 03:45:00+00:00,0.04
2025-04-08 04:00:00+00:00,0.02
2025-04-08 04:15:00+00:00,0.04
2025-04-08 04:30:00+00:00,0.030000000000000002
2025-04-08 04:45:00+00:00,0.06
2025-04-08 05:00:00+00:00,0.05
2025-04-08 05:15:00+00:00,0.04
2025-04-08 05:30:00+00:00,0.05
2025-04-08 05:45:00+00:00,0.04
2025-04-08 06:00:00+00:00,0.03
2025-04-08 06:15:00+00:00,0.04
2025-04-08 06:30:00+00:00,0.06
2025-04-08 06:45:00+00:00,0.03
2025-04-08 07:00:00+00:00,0.02
2025-04-08 07:15:00+00:00,0.0
2025-04-08 07:30:00+00:00,0.0
2025-04-08 07:45:00+00:00,0.0
2025-04-08 08:00:00+00:00,0.0
2025-04-08 08:15:00+00:00,0.0
2025-04-08 08:30:00+00:00,0.0
2025-04-08 08:45:00+00:00,0.0
2025-04-08 09:00:00+00:00,0.11000000000000001
2025-04-08 09:15:00+00:00,0.22000000000000003
2025-04-08 09:30:00+00:00,0.47
2025-04-08 09:45:00+00:00,0.5800000000000001
2025-04-08 10:00:00+00:00,0.6599999999999999
2025-04-08 10:15:00+00:00,0.56
2025-04-08 10:30:00+00:00,0.97
2025-04-08 10:45:00+00:00,0.87
2025-04-08 11:00:00+00:00,0.38
2025-04-08 11:15:00+00:00,0.48
2025-04-08 11:30:00+00:00,0.49
2025-04-08 11:45:00+00:00,0.8200000000000001
2025-04-08 12:00:00+00:00,0.03
2025-04-08 12:15:00+00:00,0.0
2025-04-08 12:30:00+00:00,0.0
2025-04-08 12:45:00+00:00,0.0
2025-04-08 13:00:00+00:00,0.0
2025-04-08 13:15:00+00:00,0.0
2025-04-08 13:30:00+00:00,0.0
2025-04-08 13:45:00+00:00,0.0
2025-04-08 14:00:00+00:00,0.0
2025-04-08 14:15:00+00:00,0.0
2025-04-08 14:30:00+00:00,0.0
2025-04-08 14:45:00+00:00,0.0
2025-04-08 15:00:00+00:00,0.0
2025-04-08 15:15:00+00:00,0.0
2025-04-08 15:30:00+00:00,0.0
2025-04-08 15:45:00+00:00,0.02
2025-04-08 16:00:00+00:00,0.0
2025-04-08 16:15:00+00:00,0.0
2025-04-08 16:30:00+00:00,0.0
2025-04-08 16:45:00+00:00,0.0
2025-04-08 17:00:00+00:00,0.0
2025-04-08 17:15:00+00:00,0.0
2025-04-08 17:30:00+00:00,0.0
2025-04-08 17:45:00+00:00,0.0
2025-04-08 18:00:00+00:00,0.0
2025-04-08 18:15:00+00:00,0.0
2025-04-08 18:30:00+00:00,0.0
2025-04-08 18:45:00+00:00,0.0
2025-04-08 19:00:00+00:00,0.0
2025-04-08 19:15:00+00:00,0.0
2025-04-08 19:30:00+00:00,0.0
2025-04-08 19:45:00+00:00,0.0
2025-04-08 20:00:00+00:00,0.0
2025-04-08 20:15:00+00:00,0.0
2025-04-08 20:30:00+00:00,0.0
2025-04-08 20:45:00+00:00,0.0
2025-04-08 21:00:00+00:00,0.33
2025-04-08 21:15:00+00:00,0.38
2025-04-08 21:30:00+00:00,0.26
2025-04-08 21:45:00+00:00,0.23
2025-04-08 22:00:00+00:00,0.11
2025-04-08 22:15:00+00:00,0.09
2025-04-08 22:30:00+00:00,0.15
2025-04-08 22:45:00+00:00,0.16
2025-04-08 23:00:00+00:00,0.13
2025-04-08 23:15:00+00:00,0.13
2025-04-08 23:30:00+00:00,0.11
2025-04-08 23:45:00+00:00,0.13
2025-04-09 00:00:00+00:00,0.11
2025-04-09 00:15:00+00:00,0.03
2025-04-09 00:30:00+00:00,0.0
2025-04-09 00:45:00+00:00,0.0
2025-04-09 01:00:00+00:00,0.0
2025-04-09 01:15:00+00:00,0.06
2025-04-09 01:30:00+00:00,0.05
2025-04-09 01:45:00+00:00,0.06
2025-04-09 02:00:00+00:00,0.03
2025-04-09 02:15:00+00:00,0.04
2025-04-09 02:30:00+00:00,0.03
2025-04-09 02:45:00+00:00,0.04
2025-04-09 03:00:00+00:00,0.02
2025-04-09 03:15:00+00:00,0.04
2025-04-09 03:30:00+00:00,0.01
2025-04-09 03:45:00+00:00,0.02
2025-04-09 04:00:00+00:00,0.04
2025-04-09 04:15:00+00:00,0.03
2025-04-09 04:30:00+00:00,0.04
2025-04-09 04:45:00+00:00,0.02
2025-04-09 05:00:00+00:00,0.02
2025-04-09 05:15:00+00:00,0.03
2025-04-09 05:30:00+00:00,0.04
2025-04-09 05:45:00+00:00,0.04
2025-04-09 06:00:00+00:00,0.01
2025-04-09 06:15:00+00:00,0.04
2025-04-09 06:30:00+00:00,0.06
2025-04-09 06:45:00+00:00,0.03
2025-04-09 07:00:00+00:00,0.0
2025-04-09 07:15:00+00:00,0.02
2025-04-09 07:30:00+00:00,0.0
2025-04-09 07:45:00+00:00,0.0
2025-04-09 08:00:00+00:00,0.0
2025-04-09 08:15:00+00:00,0.0
2025-04-09 08:30:00+00:00,0.0
2025-04-09 08:45:00+00:00,0.0
2025-04-09 09:00:00+00:00,0.27
2025-04-09 09:15:00+00:00,0.15
2025-04-09 09:30:00+00:00,0.0
2025-04-09 09:45:00+00:00,0.0
2025-04-09 10:00:00+00:00,0.32999999999999996
2025-04-09 10:15:00+00:00,0.56
2025-04-09 10:30:00+00:00,0.78
2025-04-09 10:45:00+00:00,0.64
2025-04-09 11:00:00+00:00,1.06
2025-04-09 11:15:00+00:00,1.03
2025-04-09 11:30:00+00:00,1.15
2025-04-09 11:45:00+00:00,0.86
2025-04-09 12:00:00+00:00,0.0
2025-04-09 12:15:00+00:00,0.0
2025-04-09 12:30:00+00:00,0.0
2025-04-09 12:45:00+00:00,0.0
2025-04-09 13:00:00+00:00,0.0
2025-04-09 13:15:00+00:00,0.0
2025-04-09 13:30:00+00:00,0.0
2025-04-09 13:45:00+00:00,0.0
2025-04-09 14:00:00+00:00,0.0
2025-04-09 14:15:00+00:00,0.0
2025-04-09 14:30:00+00:00,0.0
2025-04-09 14:45:00+00:00,0.02
2025-04-09 15:00:00+00:00,0.0
2025-04-09 15:15:00+00:00,0.05
2025-04-09 15:30:00+00:00,0.0
2025-04-09 15:45:00+00:00,0.02
2025-04-09 16:00:00+00:00,0.11000000000000001
2025-04-09 16:15:00+00:00,0.0
2025-04-09 16:30:00+00:00,0.0
2025-04-09 16:45:00+00:00,0.0
2025-04-09 17:00:00+00:00,0.02
2025-04-09 17:15:00+00:00,0.0
2025-04-09 17:30:00+00:00,0.0
2025-04-09 17:45:00+00:00,0.0
2025-04-09 18:00:00+00:00,0.0
2025-04-09 18:15:00+00:00,0.0
2025-04-09 18:30:00+00:00,0.0
2025-04-09 18:45:00+00:00,0.0
2025-04-09 19:00:00+00:00,0.0
2025-04-09 19:15:00+00:00,0.0
2025-04-09 19:30:00+00:00,0.0
2025-04-09 19:45:00+00:00,0.0
2025-04-09 20:00:00+00:00,0.0
2025-04-09 20:15:00+00:00,0.0
2025-04-09 20:30:00+00:00,0.0
2025-04-09 20:45:00+00:00,0.0
2025-04-09 21:00:00+00:00,0.06999999999999999
2025-04-09 21:15:00+00:00,0.18
2025-04-09 21:30:00+00:00,0.13
2025-04-09 21:45:00+00:00,0.07
2025-04-09 22:00:00+00:00,0.04
2025-04-09 22:15:00+00:00,0.05
2025-04-09 22:30:00+00:00,0.06
2025-04-09 22:45:00+00:00,0.03
2025-04-09 23:00:00+00:00,0.06
2025-04-09 23:15:00+00:00,0.05
2025-04-09 23:30:00+00:00,0.06
2025-04-09 23:45:00+00:00,0.03
2025-04-10 00:00:00+00:00,0.06
2025-04-10 00:15:00+00:00,0.02
2025-04-10 00:30:00+00:00,0.0
2025-04-10 00:45:00+00:00,0.0
2025-04-10 01:00:00+00:00,0.0
2025-04-10 01:15:00+00:00,0.01
2025-04-10 01:30:00+00:00,0.02
2025-04-10 01:45:00+00:00,0.02
2025-04-10 02:00:00+00:00,0.04
2025-04-10 02:15:00+00:00,0.02
2025-04-10 02:30:00+00:00,0.01
2025-04-10 02:45:00+00:00,0.02
2025-04-10 03:00:00+00:00,0.04
2025-04-10 03:15:00+00:00,0.02
2025-04-10 03:30:00+00:00,0.01
2025-04-10 03:45:00+00:00,0.02
2025-04-10 04:00:00+00:00,0.04
2025-04-10 04:15:00+00:00,0.04
2025-04-10 04:30:00+00:00,0.03
2025-04-10 04:45:00+00:00,0.02
2025-04-10 05:00:00+00:00,0.02
2025-04-10 05:15:00+00:00,0.03
2025-04-10 05:30:00+00:00,0.04
2025-04-10 05:45:00+00:00,0.06
2025-04-10 06:00:00+00:00,0.030000000000000002
2025-04-10 06:15:00+00:00,0.06
2025-04-10 06:30:00+00:00,0.05
2025-04-10 06:45:00+00:00,0.04
2025-04-10 07:00:00+00:00,0.02
2025-04-10 07:15:00+00:00,0.0
2025-04-10 07:30:00+00:00,0.0
2025-04-10 07:45:00+00:00,0.0
2025-04-10 08:00:00+00:00,0.01
2025-04-10 08:15:00+00:00,0.0
2025-04-10 08:30:00+00:00,0.0
2025-04-10 08:45:00+00:00,0.0
2025-04-10 09:00:00+00:00,0.0
2025-04-10 09:15:00+00:00,0.04
2025-04-10 09:30:00+00:00,0.24
2025-04-10 09:45:00+00:00,0.22
2025-04-10 10:00:00+00:00,0.2
2025-04-10 10:15:00+00:00,0.29
2025-04-10 10:30:00+00:00,0.22
2025-04-10 10:45:00+00:00,0.18
2025-04-10 11:00:00+00:00,0.38
2025-04-10 11:15:00+00:00,0.55
2025-04-10 11:30:00+00:00,0.43
2025-04-10 11:45:00+00:00,0.2
2025-04-10 12:00:00+00:00,0.59
2025-04-10 12:15:00+00:00,0.25
2025-04-10 12:30:00+00:00,0.64
2025-04-10 12:45:00+00:00,0.63
2025-04-10 13:00:00+00:00,0.71
2025-04-10 13:15:00+00:00,0.99
2025-04-10 13:30:00+00:00,0.0
2025-04-10 13:45:00+00:00,0.0
2025-04-10 14:00:00+00:00,0.0
2025-04-10 14:15:00+00:00,0.0
2025-04-10 14:30:00+00:00,0.0
2025-04-10 14:45:00+00:00,0.0
2025-04-10 15:00:00+00:00,0.0
2025-04-10 15:15:00+00:00,0.0
2025-04-10 15:30:00+00:00,0.0
2025-04-10 15:45:00+00:00,0.0
2025-04-10 16:00:00+00:00,0.05
2025-04-10 16:15:00+00:00,0.0
2025-04-10 16:30:00+00:00,0.0
2025-04-10 16:45:00+00:00,0.0
2025-04-10 17:00:00+00:00,0.0
2025-04-10 17:15:00+00:00,0.0
2025-04-10 17:30:00+00:00,0.0
2025-04-10 17:45:00+00:00,0.0
2025-04-10 18:00:00+00:00,0.0
2025-04-10 18:15:00+00:00,0.0
2025-04-10 18:30:00+00:00,0.0
2025-04-10 18:45:00+00:00,0.0
2025-04-10 19:00:00+00:00,0.0
2025-04-10 19:15:00+00:00,0.0
2025-04-10 19:30:00+00:00,0.0
2025-04-10 19:45:00+00:00,0.0
2025-04-10 20:00:00+00:00,0.0
2025-04-10 20:15:00+00:00,0.0
2025-04-10 20:30:00+00:00,0.0
2025-04-10 20:45:00+00:00,0.0
2025-04-10 21:00:00+00:00,0.33
2025-04-10 21:15:00+00:00,0.33
2025-04-10 21:30:00+00:00,0.25
2025-04-10 21:45:00+00:00,0.2
2025-04-10 22:00:00+00:00,0.09
2025-04-10 22:15:00+00:00,0.1
2025-04-10 22:30:00+00:00,0.16
2025-04-10 22:45:00+00:00,0.13
2025-04-10 23:00:00+00:00,0.12
2025-04-10 23:15:00+00:00,0.13
2025-04-10 23:30:00+00:00,0.11
2025-04-10 23:45:00+00:00,0.11
2025-04-11 00:00:00+00:00,0.09
2025-04-11 00:15:00+00:00,0.11
2025-04-11 00:30:00+00:00,0.11
2025-04-11 00:45:00+00:00,0.13
2025-04-11 01:00:00+00:00,0.09
2025-04-11 01:15:00+00:00,0.09
2025-04-11 01:30:00+00:00,0.09
2025-04-11 01:45:00+00:00,0.11
2025-04-11 02:00:00+00:00,0.09
2025-04-11 02:15:00+00:00,0.09
2025-04-11 02:30:00+00:00,0.09
2025-04-11 02:45:00+00:00,0.11
2025-04-11 03:00:00+00:00,0.09
2025-04-11 03:15:00+00:00,0.11
2025-04-11 03:30:00+00:00,0.04
2025-04-11 03:45:00+00:00,0.13
2025-04-11 04:00:00+00:00,0.12
2025-04-11 04:15:00+00:00,0.11
2025-04-11 04:30:00+00:00,0.13
2025-04-11 04:45:00+00:00,0.15
2025-04-11 05:00:00+00:00,0.14
2025-04-11 05:15:00+00:00,0.15
2025-04-11 05:30:00+00:00,0.21000000000000002
2025-04-11 05:45:00+00:00,0.24000000000000002
2025-04-11 06:00:00+00:00,0.29
2025-04-11 06:15:00+00:00,0.31
2025-04-11 06:30:00+00:00,0.49
2025-04-11 06:45:00+00:00,0.71
2025-04-11 07:00:00+00:00,0.35
2025-04-11 07:15:00+00:00,0.0
2025-04-11 07:30:00+00:00,0.0
2025-04-11 07:45:00+00:00,0.0
2025-04-11 08:00:00+00:00,0.0
2025-04-11 08:15:00+00:00,0.0
2025-04-11 08:30:00+00:00,0.0
2025-04-11 08:45:00+00:00,0.0
2025-04-11 09:00:00+00:00,0.0
2025-04-11 09:15:00+00:00,0.0
2025-04-11 09:30:00+00:00,0.0
2025-04-11 09:45:00+00:00,0.0
2025-04-11 10:00:00+00:00,0.0
2025-04-11 10:15:00+00:00,0.0
2025-04-11 10:30:00+00:00,0.0
2025-04-11 10:45:00+00:00,0.0
2025-04-11 11:00:00+00:00,0.43999999999999995
2025-04-11 11:15:00+00:00,0.42
2025-04-11 11:30:00+00:00,0.0
2025-04-11 11:45:00+00:00,0.0
2025-04-11 12:00:00+00:00,0.0
2025-04-11 12:15:00+00:00,0.0
2025-04-11 12:30:00+00:00,0.0
2025-04-11 12:45:00+00:00,0.0
2025-04-11 13:00:00+00:00,0.0
2025-04-11 13:15:00+00:00,0.0
2025-04-11 13:30:00+00:00,0.09
2025-04-11 13:45:00+00:00,0.01
2025-04-11 14:00:00+00:00,0.0
2025-04-11 14:15:00+00:00,0.0
2025-04-11 14:30:00+00:00,0.0
2025-04-11 14:45:00+00:00,0.0
2025-04-11 15:00:00+00:00,0.30000000000000004
2025-04-11 15:15:00+00:00,0.38
2025-04-11 15:30:00+00:00,0.09
2025-04-11 15:45:00+00:00,0.27
2025-04-11 16:00:00+00:00,0.13
2025-04-11 16:15:00+00:00,0.0
2025-04-11 16:30:00+00:00,0.0
2025-04-11 16:45:00+00:00,0.0
2025-04-11 17:00:00+00:00,0.0
2025-04-11 17:15:00+00:00,0.0
2025-04-11 17:30:00+00:00,0.0
2025-04-11 17:45:00+00:00,0.0
2025-04-11 18:00:00+00:00,0.0
2025-04-11 18:15:00+00:00,0.0
2025-04-11 18:30:00+00:00,0.0
2025-04-11 18:45:00+00:00,0.0
2025-04-11 19:00:00+00:00,0.0
2025-04-11 19:15:00+00:00,0.0
2025-04-11 19:30:00+00:00,0.0
2025-04-11 19:45:00+00:00,0.0
2025-04-11 20:00:00+00:00,0.0
2025-04-11 20:15:00+00:00,0.0
2025-04-11 20:30:00+00:00,0.0
2025-04-11 20:45:00+00:00,0.0
2025-04-11 21:00:00+00:00,0.0
2025-04-11 21:15:00+00:00,0.04
2025-04-11 21:30:00+00:00,0.01
2025-04-11 21:45:00+00:00,0.04
2025-04-11 22:00:00+00:00,0.02
2025-04-11 22:15:00+00:00,0.0
2025-04-11 22:30:00+00:00,0.04
2025-04-11 22:45:00+00:00,0.01
2025-04-11 23:00:00+00:00,0.0
2025-04-11 23:15:00+00:00,0.0
2025-04-11 23:30:00+00:00,0.0
2025-04-11 23:45:00+00:00,0.0
2025-04-12 00:00:00+00:00,0.0
2025-04-12 00:15:00+00:00,0.26
2025-04-12 00:30:00+00:00,0.29000000000000004
2025-04-12 00:45:00+00:00,0.18
2025-04-12 01:00:00+00:00,0.15
2025-04-12 01:15:00+00:00,0.11
2025-04-12 01:30:00+00:00,0.12
2025-04-12 01:45:00+00:00,0.15
2025-04-12 02:00:00+00:00,0.11
2025-04-12 02:15:00+00:00,0.09
2025-04-12 02:30:00+00:00,0.09
2025-04-12 02:45:00+00:00,0.13
2025-04-12 03:00:00+00:00,0.11
2025-04-12 03:15:00+00:00,0.09
2025-04-12 03:30:00+00:00,0.05
2025-04-12 03:45:00+00:00,0.11
2025-04-12 04:00:00+00:00,0.11
2025-04-12 04:15:00+00:00,0.09
2025-04-12 04:30:00+00:00,0.11000000000000001
2025-04-12 04:45:00+00:00,0.11
2025-04-12 05:00:00+00:00,0.09
2025-04-12 05:15:00+00:00,0.11
2025-04-12 05:30:00+00:00,0.11
2025-04-12 05:45:00+00:00,0.13
2025-04-12 06:00:00+00:00,0.11
2025-04-12 06:15:00+00:00,0.12
2025-04-12 06:30:00+00:00,0.16999999999999998
2025-04-12 06:45:00+00:00,0.16
2025-04-12 07:00:00+00:00,0.09000000000000001
2025-04-12 07:15:00+00:00,0.0
2025-04-12 07:30:00+00:00,0.0
2025-04-12 07:45:00+00:00,0.0
2025-04-12 08:00:00+00:00,0.0
2025-04-12 08:15:00+00:00,0.0
2025-04-12 08:30:00+00:00,0.0
2025-04-12 08:45:00+00:00,0.0
2025-04-12 09:00:00+00:00,0.0
2025-04-12 09:15:00+00:00,0.0
2025-04-12 09:30:00+00:00,0.0
2025-04-12 09:45:00+00:00,0.0
2025-04-12 10:00:00+00:00,0.0
2025-04-12 10:15:00+00:00,0.0
2025-04-12 10:30:00+00:00,0.0
2025-04-12 10:45:00+00:00,0.0
2025-04-12 11:00:00+00:00,0.0
2025-04-12 11:15:00+00:00,0.0
2025-04-12 11:30:00+00:00,0.0
2025-04-12 11:45:00+00:00,0.0
2025-04-12 12:00:00+00:00,0.0
2025-04-12 12:15:00+00:00,0.02
2025-04-12 12:30:00+00:00,0.26
2025-04-12 12:45:00+00:00,0.76
2025-04-12 13:00:00+00:00,0.64
2025-04-12 13:15:00+00:00,0.73
2025-04-12 13:30:00+00:00,0.69
2025-04-12 13:45:00+00:00,0.62
2025-04-12 14:00:00+00:00,0.7100000000000001
2025-04-12 14:15:00+00:00,0.58
2025-04-12 14:30:00+00:00,0.76
2025-04-12 14:45:00+00:00,0.35
2025-04-12 15:00:00+00:00,0.0
2025-04-12 15:15:00+00:00,0.0
2025-04-12 15:30:00+00:00,0.0
2025-04-12 15:45:00+00:00,0.0
2025-04-12 16:00:00+00:00,0.09
2025-04-12 16:15:00+00:00,0.0
2025-04-12 16:30:00+00:00,0.0
2025-04-12 16:45:00+00:00,0.0
2025-04-12 17:00:00+00:00,0.0
2025-04-12 17:15:00+00:00,0.0
2025-04-12 17:30:00+00:00,0.0
2025-04-12 17:45:00+00:00,0.0
2025-04-12 18:00:00+00:00,0.0
2025-04-12 18:15:00+00:00,0.0
2025-04-12 18:30:00+00:00,0.0
2025-04-12 18:45:00+00:00,0.0
2025-04-12 19:00:00+00:00,0.0
2025-04-12 19:15:00+00:00,0.0
2025-04-12 19:30:00+00:00,0.0
2025-04-12 19:45:00+00:00,0.0
2025-04-12 20:00:00+00:00,0.0
2025-04-12 20:15:00+00:00,0.0
2025-04-12 20:30:00+00:00,0.0
2025-04-12 20:45:00+00:00,0.0
2025-04-12 21:00:00+00:00,0.18
2025-04-12 21:15:00+00:00,0.22
2025-04-12 21:30:00+00:00,0.13
2025-04-12 21:45:00+00:00,0.11
2025-04-12 22:00:00+00:00,0.05
2025-04-12 22:15:00+00:00,0.04
2025-04-12 22:30:00+00:00,0.07
2025-04-12 22:45:00+00:00,0.06
2025-04-12 23:00:00+00:00,0.07
2025-04-12 23:15:00+00:00,0.05
2025-04-12 23:30:00+00:00,0.08
2025-04-12 23:45:00+00:00,0.07
2025-04-13 00:00:00+00:00,0.05
2025-04-13 00:15:00+00:00,0.16999999999999998
2025-04-13 00:30:00+00:00,0.14
2025-04-13 00:45:00+00:00,0.13
2025-04-13 01:00:00+00:00,0.11
2025-04-13 01:15:00+00:00,0.09
2025-04-13 01:30:00+00:00,0.13
2025-04-13 01:45:00+00:00,0.11
2025-04-13 02:00:00+00:00,0.09
2025-04-13 02:15:00+00:00,0.09
2025-04-13 02:30:00+00:00,0.09
2025-04-13 02:45:00+00:00,0.09
2025-04-13 03:00:00+00:00,0.11
2025-04-13 03:15:00+00:00,0.07
2025-04-13 03:30:00+00:00,0.08
2025-04-13 03:45:00+00:00,0.09
2025-04-13 04:00:00+00:00,0.11
2025-04-13 04:15:00+00:00,0.09
2025-04-13 04:30:00+00:00,0.11
2025-04-13 04:45:00+00:00,0.12
2025-04-13 05:00:00+00:00,0.13
2025-04-13 05:15:00+00:00,0.11
2025-04-13 05:30:00+00:00,0.13
2025-04-13 05:45:00+00:00,0.13
2025-04-13 06:00:00+00:00,0.16
2025-04-13 06:15:00+00:00,0.15000000000000002
2025-04-13 06:30:00+00:00,0.21000000000000002
2025-04-13 06:45:00+00:00,0.22000000000000003
2025-04-13 07:00:00+00:00,0.11
2025-04-13 07:15:00+00:00,0.0
2025-04-13 07:30:00+00:00,0.0
2025-04-13 07:45:00+00:00,0.0
2025-04-13 08:00:00+00:00,0.0
2025-04-13 08:15:00+00:00,0.0
2025-04-13 08:30:00+00:00,0.0
2025-04-13 08:45:00+00:00,0.0
2025-04-13 09:00:00+00:00,0.0
2025-04-13 09:15:00+00:00,0.0
2025-04-13 09:30:00+00:00,0.0
2025-04-13 09:45:00+00:00,0.02
2025-04-13 10:00:00+00:00,0.0
2025-04-13 10:15:00+00:00,0.02
2025-04-13 10:30:00+00:00,0.03
2025-04-13 10:45:00+00:00,0.0
2025-04-13 11:00:00+00:00,0.0
2025-04-13 11:15:00+00:00,0.0
2025-04-13 11:30:00+00:00,0.0
2025-04-13 11:45:00+00:00,0.0
2025-04-13 12:00:00+00:00,0.0
2025-04-13 12:15:00+00:00,0.02
2025-04-13 12:30:00+00:00,0.0
2025-04-13 12:45:00+00:00,0.02
2025-04-13 13:00:00+00:00,0.15
2025-04-13 13:15:00+00:00,0.22000000000000003
2025-04-13 13:30:00+00:00,0.78
2025-04-13 13:45:00+00:00,0.47000000000000003
2025-04-13 14:00:00+00:00,0.29000000000000004
2025-04-13 14:15:00+00:00,0.22000000000000003
2025-04-13 14:30:00+00:00,0.26
2025-04-13 14:45:00+00:00,0.07
2025-04-13 15:00:00+00:00,0.27
2025-04-13 15:15:00+00:00,0.38
2025-04-13 15:30:00+00:00,0.48
2025-04-13 15:45:00+00:00,0.09000000000000001
2025-04-13 16:00:00+00:00,0.31
2025-04-13 16:15:00+00:00,0.6000000000000001
2025-04-13 16:30:00+00:00,0.44999999999999996
2025-04-13 16:45:00+00:00,0.22
2025-04-13 17:00:00+00:00,0.09
2025-04-13 17:15:00+00:00,0.0
2025-04-13 17:30:00+00:00,0.0
2025-04-13 17:45:00+00:00,0.0
2025-04-13 18:00:00+00:00,0.0
2025-04-13 18:15:00+00:00,0.0
2025-04-13 18:30:00+00:00,0.0
2025-04-13 18:45:00+00:00,0.0
2025-04-13 19:00:00+00:00,0.0
2025-04-13 19:15:00+00:00,0.0
2025-04-13 19:30:00+00:00,0.0
2025-04-13 19:45:00+00:00,0.0
2025-04-13 20:00:00+00:00,0.0
2025-04-13 20:15:00+00:00,0.0
2025-04-13 20:30:00+00:00,0.0
2025-04-13 20:45:00+00:00,0.0
2025-04-13 21:00:00+00:00,0.0
2025-04-13 21:15:00+00:00,0.0
2025-04-13 21:30:00+00:00,0.04
2025-04-13 21:45:00+00:00,0.02
2025-04-13 22:00:00+00:00,0.02
2025-04-13 22:15:00+00:00,0.0
2025-04-13 22:30:00+00:00,0.0
2025-04-13 22:45:00+00:00,0.03
2025-04-13 23:00:00+00:00,0.0
2025-04-13 23:15:00+00:00,0.0
2025-04-13 23:30:00+00:00,0.02
2025-04-13 23:45:00+00:00,0.02
2025-04-14 00:00:00+00:00,0.0
2025-04-14 00:15:00+00:00,0.14
2025-04-14 00:30:00+00:00,0.39
2025-04-14 00:45:00+00:00,0.22
2025-04-14 01:00:00+00:00,0.2
2025-04-14 01:15:00+00:00,0.16
2025-04-14 01:30:00+00:00,0.18
2025-04-14 01:45:00+00:00,0.15
2025-04-14 02:00:00+00:00,0.14
2025-04-14 02:15:00+00:00,0.13
2025-04-14 02:30:00+00:00,0.15
2025-04-14 02:45:00+00:00,0.14
2025-04-14 03:00:00+00:00,0.13
2025-04-14 03:15:00+00:00,0.11
2025-04-14 03:30:00+00:00,0.07
2025-04-14 03:45:00+00:00,0.15
2025-04-14 04:00:00+00:00,0.12
2025-04-14 04:15:00+00:00,0.11
2025-04-14 04:30:00+00:00,0.13
2025-04-14 04:45:00+00:00,0.15
2025-04-14 05:00:00+00:00,0.14
2025-04-14 05:15:00+00:00,0.13
2025-04-14 05:30:00+00:00,0.16
2025-04-14 05:45:00+00:00,0.2
2025-04-14 06:00:00+00:00,0.2
2025-04-14 06:15:00+00:00,0.2
2025-04-14 06:30:00+00:00,0.26
2025-04-14 06:45:00+00:00,0.33999999999999997
2025-04-14 07:00:00+00:00,0.17
2025-04-14 07:15:00+00:00,0.0
2025-04-14 07:30:00+00:00,0.0
2025-04-14 07:45:00+00:00,0.0
2025-04-14 08:00:00+00:00,0.0
2025-04-14 08:15:00+00:00,0.0
2025-04-14 08:30:00+00:00,0.0
2025-04-14 08:45:00+00:00,0.0
2025-04-14 09:00:00+00:00,0.0
2025-04-14 09:15:00+00:00,0.03
2025-04-14 09:30:00+00:00,0.11
2025-04-14 09:45:00+00:00,0.0
2025-04-14 10:00:00+00:00,0.0
2025-04-14 10:15:00+00:00,0.02
2025-04-14 10:30:00+00:00,0.09
2025-04-14 10:45:00+00:00,0.0
2025-04-14 11:00:00+00:00,0.0
2025-04-14 11:15:00+00:00,0.0
2025-04-14 11:30:00+00:00,0.0
2025-04-14 11:45:00+00:00,0.0
2025-04-14 12:00:00+00:00,0.02
2025-04-14 12:15:00+00:00,0.07
2025-04-14 12:30:00+00:00,0.22000000000000003
2025-04-14 12:45:00+00:00,0.19999999999999998
2025-04-14 13:00:00+00:00,0.45999999999999996
2025-04-14 13:15:00+00:00,1.07
2025-04-14 13:30:00+00:00,0.35
2025-04-14 13:45:00+00:00,0.33999999999999997
2025-04-14 14:00:00+00:00,0.08
2025-04-14 14:15:00+00:00,0.32
2025-04-14 14:30:00+00:00,0.6799999999999999
2025-04-14 14:45:00+00:00,0.13
2025-04-14 15:00:00+00:00,0.27
2025-04-14 15:15:00+00:00,0.47
2025-04-14 15:30:00+00:00,0.37
2025-04-14 15:45:00+00:00,0.21
2025-04-14 16:00:00+00:00,0.02
2025-04-14 16:15:00+00:00,0.02
2025-04-14 16:30:00+00:00,0.0
2025-04-14 16:45:00+00:00,0.0
2025-04-14 17:00:00+00:00,0.06
2025-04-14 17:15:00+00:00,0.0
2025-04-14 17:30:00+00:00,0.0
2025-04-14 17:45:00+00:00,0.0
2025-04-14 18:00:00+00:00,0.0
2025-04-14 18:15:00+00:00,0.0
2025-04-14 18:30:00+00:00,0.0
2025-04-14 18:45:00+00:00,0.0
2025-04-14 19:00:00+00:00,0.0
2025-04-14 19:15:00+00:00,0.01
2025-04-14 19:30:00+00:00,0.0
2025-04-14 19:45:00+00:00,0.0
2025-04-14 20:00:00+00:00,0.0
2025-04-14 20:15:00+00:00,0.0
2025-04-14 20:30:00+00:00,0.0
2025-04-14 20:45:00+00:00,0.0
2025-04-14 21:00:00+00:00,0.22
2025-04-14 21:15:00+00:00,0.26
2025-04-14 21:30:00+00:00,0.18
2025-04-14 21:45:00+00:00,0.14
2025-04-14 22:00:00+00:00,0.08
2025-04-14 22:15:00+00:00,0.05
2025-04-14 22:30:00+00:00,0.09
2025-04-14 22:45:00+00:00,0.09
2025-04-14 23:00:00+00:00,0.1
2025-04-14 23:15:00+00:00,0.07
2025-04-14 23:30:00+00:00,0.09
2025-04-14 23:45:00+00:00,0.09
2025-04-15 00:00:00+00:00,0.07
2025-04-15 00:15:00+00:00,0.04
2025-04-15 00:30:00+00:00,0.0
2025-04-15 00:45:00+00:00,0.0
2025-04-15 01:00:00+00:00,0.0
2025-04-15 01:15:00+00:00,0.09
2025-04-15 01:30:00+00:00,0.11
2025-04-15 01:45:00+00:00,0.05
2025-04-15 02:00:00+00:00,0.06
2025-04-15 02:15:00+00:00,0.04
2025-04-15 02:30:00+00:00,0.05
2025-04-15 02:45:00+00:00,0.05
2025-04-15 03:00:00+00:00,0.04
2025-04-15 03:15:00+00:00,0.06
2025-04-15 03:30:00+00:00,0.03
2025-04-15 03:45:00+00:00,0.06
2025-04-15 04:00:00+00:00,0.030000000000000002
2025-04-15 04:15:00+00:00,0.06
2025-04-15 04:30:00+00:00,0.03
2025-04-15 04:45:00+00:00,0.06
2025-04-15 05:00:00+00:00,0.03
2025-04-15 05:15:00+00:00,0.02
2025-04-15 05:30:00+00:00,0.02
2025-04-15 05:45:00+00:00,0.04
2025-04-15 06:00:00+00:00,0.05
2025-04-15 06:15:00+00:00,0.06
2025-04-15 06:30:00+00:00,0.05
2025-04-15 06:45:00+00:00,0.06
2025-04-15 07:00:00+00:00,0.01
2025-04-15 07:15:00+00:00,0.0
2025-04-15 07:30:00+00:00,0.0
2025-04-15 07:45:00+00:00,0.02
2025-04-15 08:00:00+00:00,0.02
2025-04-15 08:15:00+00:00,0.0
2025-04-15 08:30:00+00:00,0.0
2025-04-15 08:45:00+00:00,0.0
2025-04-15 09:00:00+00:00,0.0
2025-04-15 09:15:00+00:00,0.13
2025-04-15 09:30:00+00:00,0.51
2025-04-15 09:45:00+00:00,0.0
2025-04-15 10:00:00+00:00,0.02
2025-04-15 10:15:00+00:00,0.05
2025-04-15 10:30:00+00:00,0.04
2025-04-15 10:45:00+00:00,0.0
2025-04-15 11:00:00+00:00,0.0
2025-04-15 11:15:00+00:00,0.51
2025-04-15 11:30:00+00:00,0.94
2025-04-15 11:45:00+00:00,0.5
2025-04-15 12:00:00+00:00,0.89
2025-04-15 12:15:00+00:00,0.8200000000000001
2025-04-15 12:30:00+00:00,1.09
2025-04-15 12:45:00+00:00,0.7999999999999999
2025-04-15 13:00:00+00:00,0.95
2025-04-15 13:15:00+00:00,0.2
2025-04-15 13:30:00+00:00,0.0
2025-04-15 13:45:00+00:00,0.0
2025-04-15 14:00:00+00:00,0.0
2025-04-15 14:15:00+00:00,0.0
2025-04-15 14:30:00+00:00,0.0
2025-04-15 14:45:00+00:00,0.07
2025-04-15 15:00:00+00:00,0.6699999999999999
2025-04-15 15:15:00+00:00,0.26
2025-04-15 15:30:00+00:00,0.0
2025-04-15 15:45:00+00:00,0.0
2025-04-15 16:00:00+00:00,0.0
2025-04-15 16:15:00+00:00,0.16
2025-04-15 16:30:00+00:00,0.0
2025-04-15 16:45:00+00:00,0.0
2025-04-15 17:00:00+00:00,0.0
2025-04-15 17:15:00+00:00,0.0
2025-04-15 17:30:00+00:00,0.0
2025-04-15 17:45:00+00:00,0.0
2025-04-15 18:00:00+00:00,0.0
2025-04-15 18:15:00+00:00,0.0
2025-04-15 18:30:00+00:00,0.0
2025-04-15 18:45:00+00:00,0.0
2025-04-15 19:00:00+00:00,0.0
2025-04-15 19:15:00+00:00,0.0
2025-04-15 19:30:00+00:00,0.0
2025-04-15 19:45:00+00:00,0.02
2025-04-15 20:00:00+00:00,0.02
2025-04-15 20:15:00+00:00,0.02
2025-04-15 20:30:00+00:00,0.01
2025-04-15 20:45:00+00:00,0.0
2025-04-15 21:00:00+00:00,0.35
2025-04-15 21:15:00+00:00,0.4
2025-04-15 21:30:00+00:00,0.26
2025-04-15 21:45:00+00:00,0.23
2025-04-15 22:00:00+00:00,0.09000000000000001
2025-04-15 22:15:00+00:00,0.09
2025-04-15 22:30:00+00:00,0.15
2025-04-15 22:45:00+00:00,0.15
2025-04-15 23:00:00+00:00,0.14
2025-04-15 23:15:00+00:00,0.11
2025-04-15 23:30:00+00:00,0.13
2025-04-15 23:45:00+00:00,0.13
2025-04-16 00:00:00+00:00,0.1
2025-04-16 00:15:00+00:00,0.1
2025-04-16 00:30:00+00:00,0.07
2025-04-16 00:45:00+00:00,0.07
2025-04-16 01:00:00+00:00,0.07
2025-04-16 01:15:00+00:00,0.06
2025-04-16 01:30:00+00:00,0.07
2025-04-16 01:45:00+00:00,0.06
2025-04-16 02:00:00+00:00,0.09
2025-04-16 02:15:00+00:00,0.05
2025-04-16 02:30:00+00:00,0.09
2025-04-16 02:45:00+00:00,0.08
2025-04-16 03:00:00+00:00,0.07
2025-04-16 03:15:00+00:00,0.05
2025-04-16 03:30:00+00:00,0.11
2025-04-16 03:45:00+00:00,0.09
2025-04-16 04:00:00+00:00,0.09
2025-04-16 04:15:00+00:00,0.08
2025-04-16 04:30:00+00:00,0.09
2025-04-16 04:45:00+00:00,0.11
2025-04-16 05:00:00+00:00,0.09
2025-04-16 05:15:00+00:00,0.11
2025-04-16 05:30:00+00:00,0.11
2025-04-16 05:45:00+00:00,0.12
2025-04-16 06:00:00+00:00,0.11
2025-04-16 06:15:00+00:00,0.13
2025-04-16 06:30:00+00:00,0.18
2025-04-16 06:45:00+00:00,0.18
2025-04-16 07:00:00+00:00,0.1
2025-04-16 07:15:00+00:00,0.0
2025-04-16 07:30:00+00:00,0.0
2025-04-16 07:45:00+00:00,0.0
2025-04-16 08:00:00+00:00,0.0
2025-04-16 08:15:00+00:00,0.03
2025-04-16 08:30:00+00:00,0.0
2025-04-16 08:45:00+00:00,0.04
2025-04-16 09:00:00+00:00,0.05
2025-04-16 09:15:00+00:00,0.0
2025-04-16 09:30:00+00:00,0.0
2025-04-16 09:45:00+00:00,0.0
2025-04-16 10:00:00+00:00,0.0
2025-04-16 10:15:00+00:00,0.0
2025-04-16 10:30:00+00:00,0.0
2025-04-16 10:45:00+00:00,0.06
2025-04-16 11:00:00+00:00,0.0
2025-04-16 11:15:00+00:00,0.0
2025-04-16 11:30:00+00:00,0.05
2025-04-16 11:45:00+00:00,0.02
2025-04-16 12:00:00+00:00,0.6599999999999999
2025-04-16 12:15:00+00:00,0.31
2025-04-16 12:30:00+00:00,0.07
2025-04-16 12:45:00+00:00,0.33999999999999997
2025-04-16 13:00:00+00:00,0.3
2025-04-16 13:15:00+00:00,0.2
2025-04-16 13:30:00+00:00,0.14
2025-04-16 13:45:00+00:00,0.86
2025-04-16 14:00:00+00:00,0.05
2025-04-16 14:15:00+00:00,0.42000000000000004
2025-04-16 14:30:00+00:00,0.0
2025-04-16 14:45:00+00:00,0.16
2025-04-16 15:00:00+00:00,0.4
2025-04-16 15:15:00+00:00,0.06
2025-04-16 15:30:00+00:00,0.0
2025-04-16 15:45:00+00:00,0.11
2025-04-16 16:00:00+00:00,0.03
2025-04-16 16:15:00+00:00,0.1
2025-04-16 16:30:00+00:00,0.14
2025-04-16 16:45:00+00:00,0.04
2025-04-16 17:00:00+00:00,0.0
2025-04-16 17:15:00+00:00,0.0
2025-04-16 17:30:00+00:00,0.0
2025-04-16 17:45:00+00:00,0.0
2025-04-16 18:00:00+00:00,0.0
2025-04-16 18:15:00+00:00,0.0
2025-04-16 18:30:00+00:00,0.0
2025-04-16 18:45:00+00:00,0.0
2025-04-16 19:00:00+00:00,0.0
2025-04-16 19:15:00+00:00,0.0
2025-04-16 19:30:00+00:00,0.0
2025-04-16 19:45:00+00:00,0.0
2025-04-16 20:00:00+00:00,0.0
2025-04-16 20:15:00+00:00,0.0
2025-04-16 20:30:00+00:00,0.0
2025-04-16 20:45:00+00:00,0.0
2025-04-16 21:00:00+00:00,0.09
2025-04-16 21:15:00+00:00,0.13
2025-04-16 21:30:00+00:00,0.07
2025-04-16 21:45:00+00:00,0.05
2025-04-16 22:00:00+00:00,0.04
2025-04-16 22:15:00+00:00,0.02
2025-04-16 22:30:00+00:00,0.02
2025-04-16 22:45:00+00:00,0.01
2025-04-16 23:00:00+00:00,0.02
2025-04-16 23:15:00+00:00,0.04
2025-04-16 23:30:00+00:00,0.04
2025-04-16 23:45:00+00:00,0.01
2025-04-17 00:00:00+00:00,0.02
2025-04-17 00:15:00+00:00,0.02
2025-04-17 00:30:00+00:00,0.04
2025-04-17 00:45:00+00:00,0.02
2025-04-17 01:00:00+00:00,0.01
2025-04-17 01:15:00+00:00,0.02
2025-04-17 01:30:00+00:00,0.0
2025-04-17 01:45:00+00:00,0.0
2025-04-17 02:00:00+00:00,0.0
2025-04-17 02:15:00+00:00,0.02
2025-04-17 02:30:00+00:00,0.04
2025-04-17 02:45:00+00:00,0.03
2025-04-17 03:00:00+00:00,0.02
2025-04-17 03:15:00+00:00,0.04
2025-04-17 03:30:00+00:00,0.03
2025-04-17 03:45:00+00:00,0.04
2025-04-17 04:00:00+00:00,0.02
2025-04-17 04:15:00+00:00,0.02
2025-04-17 04:30:00+00:00,0.03
2025-04-17 04:45:00+00:00,0.02
2025-04-17 05:00:00+00:00,0.02
2025-04-17 05:15:00+00:00,0.04
2025-04-17 05:30:00+00:00,0.030000000000000002
2025-04-17 05:45:00+00:00,0.04
2025-04-17 06:00:00+00:00,0.02
2025-04-17 06:15:00+00:00,0.05
2025-04-17 06:30:00+00:00,0.06
2025-04-17 06:45:00+00:00,0.03
2025-04-17 07:00:00+00:00,0.02
2025-04-17 07:15:00+00:00,0.0
2025-04-17 07:30:00+00:00,0.0
2025-04-17 07:45:00+00:00,0.0
2025-04-17 08:00:00+00:00,0.0
2025-04-17 08:15:00+00:00,0.02
2025-04-17 08:30:00+00:00,0.0
2025-04-17 08:45:00+00:00,0.0
2025-04-17 09:00:00+00:00,0.09
2025-04-17 09:15:00+00:00,0.09
2025-04-17 09:30:00+00:00,0.0
2025-04-17 09:45:00+00:00,0.0
2025-04-17 10:00:00+00:00,0.75
2025-04-17 10:15:00+00:00,0.56
2025-04-17 10:30:00+00:00,0.02
2025-04-17 10:45:00+00:00,0.04
2025-04-17 11:00:00+00:00,0.0
2025-04-17 11:15:00+00:00,0.6499999999999999
2025-04-17 11:30:00+00:00,0.02
2025-04-17 11:45:00+00:00,0.0
2025-04-17 12:00:00+00:00,0.0
2025-04-17 12:15:00+00:00,0.05
2025-04-17 12:30:00+00:00,0.26
2025-04-17 12:45:00+00:00,0.19999999999999998
2025-04-17 13:00:00+00:00,0.49
2025-04-17 13:15:00+00:00,0.07
2025-04-17 13:30:00+00:00,0.04
2025-04-17 13:45:00+00:00,0.22000000000000003
2025-04-17 14:00:00+00:00,0.25
2025-04-17 14:15:00+00:00,0.08
2025-04-17 14:30:00+00:00,0.0
2025-04-17 14:45:00+00:00,0.01
2025-04-17 15:00:00+00:00,0.16999999999999998
2025-04-17 15:15:00+00:00,0.0
2025-04-17 15:30:00+00:00,0.0
2025-04-17 15:45:00+00:00,0.0
2025-04-17 16:00:00+00:00,0.02
2025-04-17 16:15:00+00:00,0.0
2025-04-17 16:30:00+00:00,0.0
2025-04-17 16:45:00+00:00,0.0
2025-04-17 17:00:00+00:00,0.0
2025-04-17 17:15:00+00:00,0.0
2025-04-17 17:30:00+00:00,0.0
2025-04-17 17:45:00+00:00,0.0
2025-04-17 18:00:00+00:00,0.0
2025-04-17 18:15:00+00:00,0.0
2025-04-17 18:30:00+00:00,0.0
2025-04-17 18:45:00+00:00,0.0
2025-04-17 19:00:00+00:00,0.0
2025-04-17 19:15:00+00:00,0.0
2025-04-17 19:30:00+00:00,0.0
2025-04-17 19:45:00+00:00,0.0
2025-04-17 20:00:00+00:00,0.0
2025-04-17 20:15:00+00:00,0.0
2025-04-17 20:30:00+00:00,0.0
2025-04-17 20:45:00+00:00,0.0
2025-04-17 21:00:00+00:00,0.2
2025-04-17 21:15:00+00:00,0.14
2025-04-17 21:30:00+00:00,0.08
2025-04-17 21:45:00+00:00,0.05
2025-04-17 22:00:00+00:00,0.02
2025-04-17 22:15:00+00:00,0.03
2025-04-17 22:30:00+00:00,0.04
2025-04-17 22:45:00+00:00,0.02
2025-04-17 23:00:00+00:00,0.02
2025-04-17 23:15:00+00:00,0.03
2025-04-17 23:30:00+00:00,0.02
2025-04-17 23:45:00+00:00,0.02
2025-04-18 00:00:00+00:00,0.04
2025-04-18 00:15:00+00:00,0.01
2025-04-18 00:30:00+00:00,0.04
2025-04-18 00:45:00+00:00,0.02
2025-04-18 01:00:00+00:00,0.02
2025-04-18 01:15:00+00:00,0.03
2025-04-18 01:30:00+00:00,0.02
2025-04-18 01:45:00+00:00,0.02
2025-04-18 02:00:00+00:00,0.04
2025-04-18 02:15:00+00:00,0.01
2025-04-18 02:30:00+00:00,0.02
2025-04-18 02:45:00+00:00,0.0
2025-04-18 03:00:00+00:00,0.0
2025-04-18 03:15:00+00:00,0.0
2025-04-18 03:30:00+00:00,0.0
2025-04-18 03:45:00+00:00,0.0
2025-04-18 04:00:00+00:00,0.0
2025-04-18 04:15:00+00:00,0.0
2025-04-18 04:30:00+00:00,0.0
2025-04-18 04:45:00+00:00,0.0
2025-04-18 05:00:00+00:00,0.0
2025-04-18 05:15:00+00:00,0.0
2025-04-18 05:30:00+00:00,0.0
2025-04-18 05:45:00+00:00,0.0
2025-04-18 06:00:00+00:00,0.0
2025-04-18 06:15:00+00:00,0.0
2025-04-18 06:30:00+00:00,0.0
2025-04-18 06:45:00+00:00,0.0
2025-04-18 07:00:00+00:00,0.0
2025-04-18 07:15:00+00:00,0.0
2025-04-18 07:30:00+00:00,0.0
2025-04-18 07:45:00+00:00,0.0
2025-04-18 08:00:00+00:00,0.0
2025-04-18 08:15:00+00:00,0.0
2025-04-18 08:30:00+00:00,0.0
2025-04-18 08:45:00+00:00,0.0
2025-04-18 09:00:00+00:00,0.0
2025-04-18 09:15:00+00:00,0.0
2025-04-18 09:30:00+00:00,0.0
2025-04-18 09:45:00+00:00,0.0
2025-04-18 10:00:00+00:00,0.0
2025-04-18 10:15:00+00:00,0.0
2025-04-18 10:30:00+00:00,0.0
2025-04-18 10:45:00+00:00,0.0
2025-04-18 11:00:00+00:00,0.0
2025-04-18 11:15:00+00:00,0.0
2025-04-18 11:30:00+00:00,0.0
2025-04-18 11:45:00+00:00,0.0
2025-04-18 12:00:00+00:00,0.0
2025-04-18 12:15:00+00:00,0.0
2025-04-18 12:30:00+00:00,0.0
2025-04-18 12:45:00+00:00,0.0
2025-04-18 13:00:00+00:00,0.0
2025-04-18 13:15:00+00:00,0.0
2025-04-18 13:30:00+00:00,0.0
2025-04-18 13:45:00+00:00,0.0
2025-04-18 14:00:00+00:00,0.0
2025-04-18 14:15:00+00:00,0.0
2025-04-18 14:30:00+00:00,0.0
2025-04-18 14:45:00+00:00,0.0
2025-04-18 15:00:00+00:00,0.0
2025-04-18 15:15:00+00:00,0.0
2025-04-18 15:30:00+00:00,0.0
2025-04-18 15:45:00+00:00,0.0
2025-04-18 16:00:00+00:00,0.0
2025-04-18 16:15:00+00:00,0.0
2025-04-18 16:30:00+00:00,0.0
2025-04-18 16:45:00+00:00,0.0
2025-04-18 17:00:00+00:00,0.0
2025-04-18 17:15:00+00:00,0.0
2025-04-18 17:30:00+00:00,0.0
2025-04-18 17:45:00+00:00,0.0
2025-04-18 18:00:00+00:00,0.0
2025-04-18 18:15:00+00:00,0.0
2025-04-18 18:30:00+00:00,0.0
2025-04-18 18:45:00+00:00,0.0
2025-04-18 19:00:00+00:00,0.0
2025-04-18 19:15:00+00:00,0.0
2025-04-18 19:30:00+00:00,0.0
2025-04-18 19:45:00+00:00,0.0
2025-04-18 20:00:00+00:00,0.0
2025-04-18 20:15:00+00:00,0.0
2025-04-18 20:30:00+00:00,0.0
2025-04-18 20:45:00+00:00,0.0
2025-04-18 21:00:00+00:00,0.0
2025-04-18 21:15:00+00:00,0.0
2025-04-18 21:30:00+00:00,0.0
2025-04-18 21:45:00+00:00,0.0
2025-04-18 22:00:00+00:00,0.0
2025-04-18 22:15:00+00:00,0.0
2025-04-18 22:30:00+00:00,0.0
2025-04-18 22:45:00+00:00,0.02
2025-04-18 23:00:00+00:00,0.0
2025-04-18 23:15:00+00:00,0.0
2025-04-18 23:30:00+00:00,0.02
2025-04-18 23:45:00+00:00,0.0
2025-04-19 00:00:00+00:00,0.0
2025-04-19 00:15:00+00:00,0.0
2025-04-19 00:30:00+00:00,0.02
2025-04-19 00:45:00+00:00,0.0
2025-04-19 01:00:00+00:00,0.0
2025-04-19 01:15:00+00:00,0.0
2025-04-19 01:30:00+00:00,0.0
2025-04-19 01:45:00+00:00,0.0
2025-04-19 02:00:00+00:00,0.02
2025-04-19 02:15:00+00:00,0.0
2025-04-19 02:30:00+00:00,0.0
2025-04-19 02:45:00+00:00,0.01
2025-04-19 03:00:00+00:00,0.0
2025-04-19 03:15:00+00:00,0.0
2025-04-19 03:30:00+00:00,0.0
2025-04-19 03:45:00+00:00,0.0
2025-04-19 04:00:00+00:00,0.0
2025-04-19 04:15:00+00:00,0.02
2025-04-19 04:30:00+00:00,0.0
2025-04-19 04:45:00+00:00,0.0
2025-04-19 05:00:00+00:00,0.0
2025-04-19 05:15:00+00:00,0.02
2025-04-19 05:30:00+00:00,0.0
2025-04-19 05:45:00+00:00,0.0
2025-04-19 06:00:00+00:00,0.0
2025-04-19 06:15:00+00:00,0.02
2025-04-19 06:30:00+00:00,0.0
2025-04-19 06:45:00+00:00,0.0
2025-04-19 07:00:00+00:00,0.0
2025-04-19 07:15:00+00:00,0.0
2025-04-19 07:30:00+00:00,0.0
2025-04-19 07:45:00+00:00,0.0
2025-04-19 08:00:00+00:00,0.02
2025-04-19 08:15:00+00:00,0.0
2025-04-19 08:30:00+00:00,0.0
2025-04-19 08:45:00+00:00,0.02
2025-04-19 09:00:00+00:00,0.0
2025-04-19 09:15:00+00:00,0.0
2025-04-19 09:30:00+00:00,0.0
2025-04-19 09:45:00+00:00,0.0
2025-04-19 10:00:00+00:00,0.01
2025-04-19 10:15:00+00:00,0.0
2025-04-19 10:30:00+00:00,0.0
2025-04-19 10:45:00+00:00,0.0
2025-04-19 11:00:00+00:00,0.02
2025-04-19 11:15:00+00:00,0.0
2025-04-19 11:30:00+00:00,0.0
2025-04-19 11:45:00+00:00,0.02
2025-04-19 12:00:00+00:00,0.0
2025-04-19 12:15:00+00:00,0.0
2025-04-19 12:30:00+00:00,0.0
2025-04-19 12:45:00+00:00,0.02
2025-04-19 13:00:00+00:00,0.0
2025-04-19 13:15:00+00:00,0.0
2025-04-19 13:30:00+00:00,0.0
2025-04-19 13:45:00+00:00,0.0
2025-04-19 14:00:00+00:00,0.02
2025-04-19 14:15:00+00:00,0.0
2025-04-19 14:30:00+00:00,0.0
2025-04-19 14:45:00+00:00,0.01
2025-04-19 15:00:00+00:00,0.0
2025-04-19 15:15:00+00:00,0.0
2025-04-19 15:30:00+00:00,0.0
2025-04-19 15:45:00+00:00,0.0
2025-04-19 16:00:00+00:00,0.02
2025-04-19 16:15:00+00:00,0.0
2025-04-19 16:30:00+00:00,0.0
2025-04-19 16:45:00+00:00,0.0
2025-04-19 17:00:00+00:00,0.0
2025-04-19 17:15:00+00:00,0.02
2025-04-19 17:30:00+00:00,0.0
2025-04-19 17:45:00+00:00,0.0
2025-04-19 18:00:00+00:00,0.02
2025-04-19 18:15:00+00:00,0.07
2025-04-19 18:30:00+00:00,0.0
2025-04-19 18:45:00+00:00,0.0
2025-04-19 19:00:00+00:00,0.0
2025-04-19 19:15:00+00:00,0.0
2025-04-19 19:30:00+00:00,0.0
2025-04-19 19:45:00+00:00,0.0
2025-04-19 20:00:00+00:00,0.0
2025-04-19 20:15:00+00:00,0.0
2025-04-19 20:30:00+00:00,0.0
2025-04-19 20:45:00+00:00,0.0
2025-04-19 21:00:00+00:00,0.0
2025-04-19 21:15:00+00:00,0.0
2025-04-19 21:30:00+00:00,0.0
2025-04-19 21:45:00+00:00,0.0
2025-04-19 22:00:00+00:00,0.0
2025-04-19 22:15:00+00:00,0.0
2025-04-19 22:30:00+00:00,0.0
2025-04-19 22:45:00+00:00,0.0
2025-04-19 23:00:00+00:00,0.0
2025-04-19 23:15:00+00:00,0.0
2025-04-19 23:30:00+00:00,0.0
2025-04-19 23:45:00+00:00,0.0
2025-04-20 00:00:00+00:00,0.0
2025-04-20 00:15:00+00:00,0.0
2025-04-20 00:30:00+00:00,0.0
2025-04-20 00:45:00+00:00,0.0
2025-04-20 01:00:00+00:00,0.0
2025-04-20 01:15:00+00:00,0.0
2025-04-20 01:30:00+00:00,0.0
2025-04-20 01:45:00+00:00,0.0
2025-04-20 02:00:00+00:00,0.0
2025-04-20 02:15:00+00:00,0.0
2025-04-20 02:30:00+00:00,0.0
2025-04-20 02:45:00+00:00,0.0
2025-04-20 03:00:00+00:00,0.0
2025-04-20 03:15:00+00:00,0.0
2025-04-20 03:30:00+00:00,0.0
2025-04-20 03:45:00+00:00,0.0
2025-04-20 04:00:00+00:00,0.0
2025-04-20 04:15:00+00:00,0.0
2025-04-20 04:30:00+00:00,0.0
2025-04-20 04:45:00+00:00,0.0
2025-04-20 05:00:00+00:00,0.0
2025-04-20 05:15:00+00:00,0.0
2025-04-20 05:30:00+00:00,0.02
2025-04-20 05:45:00+00:00,0.0
2025-04-20 06:00:00+00:00,0.0
2025-04-20 06:15:00+00:00,0.0
2025-04-20 06:30:00+00:00,0.0
2025-04-20 06:45:00+00:00,0.0
2025-04-20 07:00:00+00:00,0.02
2025-04-20 07:15:00+00:00,0.0
2025-04-20 07:30:00+00:00,0.0
2025-04-20 07:45:00+00:00,0.0
2025-04-20 08:00:00+00:00,0.0
2025-04-20 08:15:00+00:00,0.0
2025-04-20 08:30:00+00:00,0.02
2025-04-20 08:45:00+00:00,0.0
2025-04-20 09:00:00+00:00,0.0
2025-04-20 09:15:00+00:00,0.0
2025-04-20 09:30:00+00:00,0.01
2025-04-20 09:45:00+00:00,0.0
2025-04-20 10:00:00+00:00,0.0
2025-04-20 10:15:00+00:00,0.0
2025-04-20 10:30:00+00:00,0.0
2025-04-20 10:45:00+00:00,0.02
2025-04-20 11:00:00+00:00,0.0
2025-04-20 11:15:00+00:00,0.0
2025-04-20 11:30:00+00:00,0.0
2025-04-20 11:45:00+00:00,0.0
2025-04-20 12:00:00+00:00,0.02
2025-04-20 12:15:00+00:00,0.0
2025-04-20 12:30:00+00:00,0.0
2025-04-20 12:45:00+00:00,0.0
2025-04-20 13:00:00+00:00,0.0
2025-04-20 13:15:00+00:00,0.0
2025-04-20 13:30:00+00:00,0.02
2025-04-20 13:45:00+00:00,0.0
2025-04-20 14:00:00+00:00,0.02
2025-04-20 14:15:00+00:00,0.0
2025-04-20 14:30:00+00:00,0.0
2025-04-20 14:45:00+00:00,0.0
2025-04-20 15:00:00+00:00,0.02
2025-04-20 15:15:00+00:00,0.0
2025-04-20 15:30:00+00:00,0.0
2025-04-20 15:45:00+00:00,0.0
2025-04-20 16:00:00+00:00,0.0
2025-04-20 16:15:00+00:00,0.01
2025-04-20 16:30:00+00:00,0.0
2025-04-20 16:45:00+00:00,0.0
2025-04-20 17:00:00+00:00,0.0
2025-04-20 17:15:00+00:00,0.0
2025-04-20 17:30:00+00:00,0.0
2025-04-20 17:45:00+00:00,0.02
2025-04-20 18:00:00+00:00,0.0
2025-04-20 18:15:00+00:00,0.0
2025-04-20 18:30:00+00:00,0.0
2025-04-20 18:45:00+00:00,0.0
2025-04-20 19:00:00+00:00,0.02
2025-04-20 19:15:00+00:00,0.0
2025-04-20 19:30:00+00:00,0.0
2025-04-20 19:45:00+00:00,0.0
2025-04-20 20:00:00+00:00,0.02
2025-04-20 20:15:00+00:00,0.0
2025-04-20 20:30:00+00:00,0.0
2025-04-20 20:45:00+00:00,0.0
2025-04-20 21:00:00+00:00,0.0
2025-04-20 21:15:00+00:00,0.0
2025-04-20 21:30:00+00:00,0.0
2025-04-20 21:45:00+00:00,0.02
2025-04-20 22:00:00+00:00,0.0
2025-04-20 22:15:00+00:00,0.0
2025-04-20 22:30:00+00:00,0.0
2025-04-20 22:45:00+00:00,0.0
2025-04-20 23:00:00+00:00,0.0
2025-04-20 23:15:00+00:00,0.0
2025-04-20 23:30:00+00:00,0.01
2025-04-20 23:45:00+00:00,0.0
2025-04-21 00:00:00+00:00,0.0
2025-04-21 00:15:00+00:00,0.02
2025-04-21 00:30:00+00:00,0.0
2025-04-21 00:45:00+00:00,0.0
2025-04-21 01:00:00+00:00,0.02
2025-04-21 01:15:00+00:00,0.0
2025-04-21 01:30:00+00:00,0.0
2025-04-21 01:45:00+00:00,0.0
2025-04-21 02:00:00+00:00,0.0
2025-04-21 02:15:00+00:00,0.02
2025-04-21 02:30:00+00:00,0.0
2025-04-21 02:45:00+00:00,0.0
2025-04-21 03:00:00+00:00,0.0
2025-04-21 03:15:00+00:00,0.02
2025-04-21 03:30:00+00:00,0.0
2025-04-21 03:45:00+00:00,0.02
2025-04-21 04:00:00+00:00,0.0
2025-04-21 04:15:00+00:00,0.0
2025-04-21 04:30:00+00:00,0.0
2025-04-21 04:45:00+00:00,0.0
2025-04-21 05:00:00+00:00,0.01
2025-04-21 05:15:00+00:00,0.0
2025-04-21 05:30:00+00:00,0.0
2025-04-21 05:45:00+00:00,0.0
2025-04-21 06:00:00+00:00,0.0
2025-04-21 06:15:00+00:00,0.02
2025-04-21 06:30:00+00:00,0.0
2025-04-21 06:45:00+00:00,0.02
2025-04-21 07:00:00+00:00,0.0
2025-04-21 07:15:00+00:00,0.0
2025-04-21 07:30:00+00:00,0.0
2025-04-21 07:45:00+00:00,0.0
2025-04-21 08:00:00+00:00,0.02
2025-04-21 08:15:00+00:00,0.0
2025-04-21 08:30:00+00:00,0.0
2025-04-21 08:45:00+00:00,0.0
2025-04-21 09:00:00+00:00,0.0
2025-04-21 09:15:00+00:00,0.02
2025-04-21 09:30:00+00:00,0.0
2025-04-21 09:45:00+00:00,0.0
2025-04-21 10:00:00+00:00,0.0
2025-04-21 10:15:00+00:00,0.02
2025-04-21 10:30:00+00:00,0.0
2025-04-21 10:45:00+00:00,0.0
2025-04-21 11:00:00+00:00,0.0
2025-04-21 11:15:00+00:00,0.0
2025-04-21 11:30:00+00:00,0.01
2025-04-21 11:45:00+00:00,0.0
2025-04-21 12:00:00+00:00,0.0
2025-04-21 12:15:00+00:00,0.0
2025-04-21 12:30:00+00:00,0.02
2025-04-21 12:45:00+00:00,0.0
2025-04-21 13:00:00+00:00,0.0
2025-04-21 13:15:00+00:00,0.02
2025-04-21 13:30:00+00:00,0.0
2025-04-21 13:45:00+00:00,0.0
2025-04-21 14:00:00+00:00,0.0
2025-04-21 14:15:00+00:00,0.0
2025-04-21 14:30:00+00:00,0.02
2025-04-21 14:45:00+00:00,0.0
2025-04-21 15:00:00+00:00,0.0
2025-04-21 15:15:00+00:00,0.0
2025-04-21 15:30:00+00:00,0.02
2025-04-21 15:45:00+00:00,0.0
2025-04-21 16:00:00+00:00,0.0
2025-04-21 16:15:00+00:00,0.0
2025-04-21 16:30:00+00:00,0.01
2025-04-21 16:45:00+00:00,0.0
2025-04-21 17:00:00+00:00,0.0
2025-04-21 17:15:00+00:00,0.0
2025-04-21 17:30:00+00:00,0.0
2025-04-21 17:45:00+00:00,0.0
2025-04-21 18:00:00+00:00,0.02
2025-04-21 18:15:00+00:00,0.0
2025-04-21 18:30:00+00:00,0.0
2025-04-21 18:45:00+00:00,0.0
2025-04-21 19:00:00+00:00,0.0
2025-04-21 19:15:00+00:00,0.0
2025-04-21 19:30:00+00:00,0.0
2025-04-21 19:45:00+00:00,0.02
2025-04-21 20:00:00+00:00,0.0
2025-04-21 20:15:00+00:00,0.0
2025-04-21 20:30:00+00:00,0.0
2025-04-21 20:45:00+00:00,0.0
2025-04-21 21:00:00+00:00,0.0
2025-04-21 21:15:00+00:00,0.0
2025-04-21 21:30:00+00:00,0.02
2025-04-21 21:45:00+00:00,0.0
2025-04-21 22:00:00+00:00,0.0
2025-04-21 22:15:00+00:00,0.02
2025-04-21 22:30:00+00:00,0.0
2025-04-21 22:45:00+00:00,0.0
2025-04-21 23:00:00+00:00,0.0
2025-04-21 23:15:00+00:00,0.0
2025-04-21 23:30:00+00:00,0.0
2025-04-21 23:45:00+00:00,0.0
2025-04-22 00:00:00+00:00,0.0
2025-04-22 00:15:00+00:00,0.02
2025-04-22 00:30:00+00:00,0.01
2025-04-22 00:45:00+00:00,0.02
2025-04-22 01:00:00+00:00,0.0
2025-04-22 01:15:00+00:00,0.0
2025-04-22 01:30:00+00:00,0.0
2025-04-22 01:45:00+00:00,0.02
2025-04-22 02:00:00+00:00,0.0
2025-04-22 02:15:00+00:00,0.0
2025-04-22 02:30:00+00:00,0.0
2025-04-22 02:45:00+00:00,0.0
2025-04-22 03:00:00+00:00,0.0
2025-04-22 03:15:00+00:00,0.02
2025-04-22 03:30:00+00:00,0.0
2025-04-22 03:45:00+00:00,0.0
2025-04-22 04:00:00+00:00,0.02
2025-04-22 04:15:00+00:00,0.0
2025-04-22 04:30:00+00:00,0.0
2025-04-22 04:45:00+00:00,0.0
2025-04-22 05:00:00+00:00,0.0
2025-04-22 05:15:00+00:00,0.0
2025-04-22 05:30:00+00:00,0.01
2025-04-22 05:45:00+00:00,0.0
2025-04-22 06:00:00+00:00,0.0
2025-04-22 06:15:00+00:00,0.02
2025-04-22 06:30:00+00:00,0.0
2025-04-22 06:45:00+00:00,0.0
2025-04-22 07:00:00+00:00,0.0
2025-04-22 07:15:00+00:00,0.02
2025-04-22 07:30:00+00:00,0.0
2025-04-22 07:45:00+00:00,0.0
2025-04-22 08:00:00+00:00,0.0
2025-04-22 08:15:00+00:00,0.0
2025-04-22 08:30:00+00:00,0.02
2025-04-22 08:45:00+00:00,0.02
2025-04-22 09:00:00+00:00,0.0
2025-04-22 09:15:00+00:00,0.0
2025-04-22 09:30:00+00:00,0.0
2025-04-22 09:45:00+00:00,0.02
2025-04-22 10:00:00+00:00,0.0
2025-04-22 10:15:00+00:00,0.0
2025-04-22 10:30:00+00:00,0.01
2025-04-22 10:45:00+00:00,0.0
2025-04-22 11:00:00+00:00,0.0
2025-04-22 11:15:00+00:00,0.0
2025-04-22 11:30:00+00:00,0.0
2025-04-22 11:45:00+00:00,0.0
2025-04-22 12:00:00+00:00,0.02
2025-04-22 12:15:00+00:00,0.0
2025-04-22 12:30:00+00:00,0.0
2025-04-22 12:45:00+00:00,0.02
2025-04-22 13:00:00+00:00,0.0
2025-04-22 13:15:00+00:00,0.02
2025-04-22 13:30:00+00:00,0.0
2025-04-22 13:45:00+00:00,0.0
2025-04-22 14:00:00+00:00,0.0
2025-04-22 14:15:00+00:00,0.02
2025-04-22 14:30:00+00:00,0.0
2025-04-22 14:45:00+00:00,0.0
2025-04-22 15:00:00+00:00,0.0
2025-04-22 15:15:00+00:00,0.01
2025-04-22 15:30:00+00:00,0.0
2025-04-22 15:45:00+00:00,0.0
2025-04-22 16:00:00+00:00,0.02
2025-04-22 16:15:00+00:00,0.02
2025-04-22 16:30:00+00:00,0.0
2025-04-22 16:45:00+00:00,0.0
2025-04-22 17:00:00+00:00,0.0
2025-04-22 17:15:00+00:00,0.0
2025-04-22 17:30:00+00:00,0.02
2025-04-22 17:45:00+00:00,0.0
2025-04-22 18:00:00+00:00,0.02
2025-04-22 18:15:00+00:00,0.0
2025-04-22 18:30:00+00:00,0.0
2025-04-22 18:45:00+00:00,0.02
2025-04-22 19:00:00+00:00,0.01
2025-04-22 19:15:00+00:00,0.0
2025-04-22 19:30:00+00:00,0.0
2025-04-22 19:45:00+00:00,0.0
2025-04-22 20:00:00+00:00,0.0
2025-04-22 20:15:00+00:00,0.0
2025-04-22 20:30:00+00:00,0.0
2025-04-22 20:45:00+00:00,0.02
2025-04-22 21:00:00+00:00,0.0
2025-04-22 21:15:00+00:00,0.0
2025-04-22 21:30:00+00:00,0.02
2025-04-22 21:45:00+00:00,0.0
2025-04-22 22:00:00+00:00,0.0
2025-04-22 22:15:00+00:00,0.0
2025-04-22 22:30:00+00:00,0.04
2025-04-22 22:45:00+00:00,0.0
2025-04-22 23:00:00+00:00,0.0
2025-04-22 23:15:00+00:00,0.0
2025-04-22 23:30:00+00:00,0.0
2025-04-22 23:45:00+00:00,0.02
2025-04-23 00:00:00+00:00,0.0
2025-04-23 00:15:00+00:00,0.0
2025-04-23 00:30:00+00:00,0.0
2025-04-23 00:45:00+00:00,0.0
2025-04-23 01:00:00+00:00,0.01
2025-04-23 01:15:00+00:00,0.0
2025-04-23 01:30:00+00:00,0.0
2025-04-23 01:45:00+00:00,0.0
2025-04-23 02:00:00+00:00,0.04
2025-04-23 02:15:00+00:00,0.02
2025-04-23 02:30:00+00:00,0.0
2025-04-23 02:45:00+00:00,0.0
2025-04-23 03:00:00+00:00,0.0
2025-04-23 03:15:00+00:00,0.0
2025-04-23 03:30:00+00:00,0.0
2025-04-23 03:45:00+00:00,0.0
2025-04-23 04:00:00+00:00,0.02
2025-04-23 04:15:00+00:00,0.0
2025-04-23 04:30:00+00:00,0.0
2025-04-23 04:45:00+00:00,0.0
2025-04-23 05:00:00+00:00,0.01
2025-04-23 05:15:00+00:00,0.02
2025-04-23 05:30:00+00:00,0.0
2025-04-23 05:45:00+00:00,0.0
2025-04-23 06:00:00+00:00,0.0
2025-04-23 06:15:00+00:00,0.0
2025-04-23 06:30:00+00:00,0.0
2025-04-23 06:45:00+00:00,0.02
2025-04-23 07:00:00+00:00,0.0
2025-04-23 07:15:00+00:00,0.0
2025-04-23 07:30:00+00:00,0.02
2025-04-23 07:45:00+00:00,0.0
2025-04-23 08:00:00+00:00,0.0
2025-04-23 08:15:00+00:00,0.0
2025-04-23 08:30:00+00:00,0.0
2025-04-23 08:45:00+00:00,0.02
2025-04-23 09:00:00+00:00,0.0
2025-04-23 09:15:00+00:00,0.43
2025-04-23 09:30:00+00:00,0.84
2025-04-23 09:45:00+00:00,0.97
2025-04-23 10:00:00+00:00,1.05
2025-04-23 10:15:00+00:00,1.15
2025-04-23 10:30:00+00:00,0.9299999999999999
2025-04-23 10:45:00+00:00,0.8300000000000001
2025-04-23 11:00:00+00:00,0.35
2025-04-23 11:15:00+00:00,0.77
2025-04-23 11:30:00+00:00,0.0
2025-04-23 11:45:00+00:00,0.01
2025-04-23 12:00:00+00:00,0.04
2025-04-23 12:15:00+00:00,0.04
2025-04-23 12:30:00+00:00,0.0
2025-04-23 12:45:00+00:00,0.0
2025-04-23 13:00:00+00:00,0.0
2025-04-23 13:15:00+00:00,0.0
2025-04-23 13:30:00+00:00,0.0
2025-04-23 13:45:00+00:00,0.0
2025-04-23 14:00:00+00:00,0.0
2025-04-23 14:15:00+00:00,0.0
2025-04-23 14:30:00+00:00,0.0
2025-04-23 14:45:00+00:00,0.0
2025-04-23 15:00:00+00:00,0.0
2025-04-23 15:15:00+00:00,0.0
2025-04-23 15:30:00+00:00,0.0
2025-04-23 15:45:00+00:00,0.0
2025-04-23 16:00:00+00:00,0.0
2025-04-23 16:15:00+00:00,0.0
2025-04-23 16:30:00+00:00,0.0
2025-04-23 16:45:00+00:00,0.0
2025-04-23 17:00:00+00:00,0.0
2025-04-23 17:15:00+00:00,0.0
2025-04-23 17:30:00+00:00,0.0
2025-04-23 17:45:00+00:00,0.0
2025-04-23 18:00:00+00:00,0.0
2025-04-23 18:15:00+00:00,0.0
2025-04-23 18:30:00+00:00,0.0
2025-04-23 18:45:00+00:00,0.0
2025-04-23 19:00:00+00:00,0.0
2025-04-23 19:15:00+00:00,0.0
2025-04-23 19:30:00+00:00,0.0
2025-04-23 19:45:00+00:00,0.0
2025-04-23 20:00:00+00:00,0.0
2025-04-23 20:15:00+00:00,0.0
2025-04-23 20:30:00+00:00,0.0
2025-04-23 20:45:00+00:00,0.0
2025-04-23 21:00:00+00:00,0.0
2025-04-23 21:15:00+00:00,0.11
2025-04-23 21:30:00+00:00,0.09000000000000001
2025-04-23 21:45:00+00:00,0.0
2025-04-23 22:00:00+00:00,0.0
2025-04-23 22:15:00+00:00,0.07
2025-04-23 22:30:00+00:00,0.05
2025-04-23 22:45:00+00:00,0.0
2025-04-23 23:00:00+00:00,0.0
2025-04-23 23:15:00+00:00,0.02
2025-04-23 23:30:00+00:00,0.0
2025-04-23 23:45:00+00:00,0.0
2025-04-24 00:00:00+00:00,0.0
2025-04-24 00:15:00+00:00,0.02
2025-04-24 00:30:00+00:00,0.0
2025-04-24 00:45:00+00:00,0.0
2025-04-24 01:00:00+00:00,0.0
2025-04-24 01:15:00+00:00,0.06
2025-04-24 01:30:00+00:00,0.03
2025-04-24 01:45:00+00:00,0.0
2025-04-24 02:00:00+00:00,0.0
2025-04-24 02:15:00+00:00,0.06
2025-04-24 02:30:00+00:00,0.030000000000000002
2025-04-24 02:45:00+00:00,0.0
2025-04-24 03:00:00+00:00,0.0
2025-04-24 03:15:00+00:00,0.04
2025-04-24 03:30:00+00:00,0.04
2025-04-24 03:45:00+00:00,0.0
2025-04-24 04:00:00+00:00,0.0
2025-04-24 04:15:00+00:00,0.05
2025-04-24 04:30:00+00:00,0.04
2025-04-24 04:45:00+00:00,0.0
2025-04-24 05:00:00+00:00,0.0
2025-04-24 05:15:00+00:00,0.0
2025-04-24 05:30:00+00:00,0.01
2025-04-24 05:45:00+00:00,0.0
2025-04-24 06:00:00+00:00,0.0
2025-04-24 06:15:00+00:00,0.02
2025-04-24 06:30:00+00:00,0.0
2025-04-24 06:45:00+00:00,0.0
2025-04-24 07:00:00+00:00,0.0
2025-04-24 07:15:00+00:00,0.0
2025-04-24 07:30:00+00:00,0.0
2025-04-24 07:45:00+00:00,0.0
2025-04-24 08:00:00+00:00,0.08
2025-04-24 08:15:00+00:00,0.2
2025-04-24 08:30:00+00:00,0.29000000000000004
2025-04-24 08:45:00+00:00,0.4
2025-04-24 09:00:00+00:00,0.6
2025-04-24 09:15:00+00:00,0.67
2025-04-24 09:30:00+00:00,0.68
2025-04-24 09:45:00+00:00,0.96
2025-04-24 10:00:00+00:00,0.78
2025-04-24 10:15:00+00:00,1.08
2025-04-24 10:30:00+00:00,1.05
2025-04-24 10:45:00+00:00,0.0
2025-04-24 11:00:00+00:00,0.0
2025-04-24 11:15:00+00:00,0.02
2025-04-24 11:30:00+00:00,0.0
2025-04-24 11:45:00+00:00,0.06
2025-04-24 12:00:00+00:00,0.07
2025-04-24 12:15:00+00:00,0.0
2025-04-24 12:30:00+00:00,0.0
2025-04-24 12:45:00+00:00,0.0
2025-04-24 13:00:00+00:00,0.0
2025-04-24 13:15:00+00:00,0.0
2025-04-24 13:30:00+00:00,0.0
2025-04-24 13:45:00+00:00,0.0
2025-04-24 14:00:00+00:00,0.0
2025-04-24 14:15:00+00:00,0.0
2025-04-24 14:30:00+00:00,0.0
2025-04-24 14:45:00+00:00,0.0
2025-04-24 15:00:00+00:00,0.0
2025-04-24 15:15:00+00:00,0.0
2025-04-24 15:30:00+00:00,0.0
2025-04-24 15:45:00+00:00,0.0
2025-04-24 16:00:00+00:00,0.0
2025-04-24 16:15:00+00:00,0.0
2025-04-24 16:30:00+00:00,0.0
2025-04-24 16:45:00+00:00,0.0
2025-04-24 17:00:00+00:00,0.04
2025-04-24 17:15:00+00:00,0.0
2025-04-24 17:30:00+00:00,0.0
2025-04-24 17:45:00+00:00,0.0
2025-04-24 18:00:00+00:00,0.0
2025-04-24 18:15:00+00:00,0.0
2025-04-24 18:30:00+00:00,0.0
2025-04-24 18:45:00+00:00,0.0
2025-04-24 19:00:00+00:00,0.0
2025-04-24 19:15:00+00:00,0.0
2025-04-24 19:30:00+00:00,0.0
2025-04-24 19:45:00+00:00,0.0
2025-04-24 20:00:00+00:00,0.0
2025-04-24 20:15:00+00:00,0.0
2025-04-24 20:30:00+00:00,0.0
2025-04-24 20:45:00+00:00,0.03
2025-04-24 21:00:00+00:00,0.66
2025-04-24 21:15:00+00:00,0.8300000000000001
2025-04-24 21:30:00+00:00,0.79
2025-04-24 21:45:00+00:00,0.9400000000000001
2025-04-24 22:00:00+00:00,0.33
2025-04-24 22:15:00+00:00,0.37
2025-04-24 22:30:00+00:00,0.12000000000000001
2025-04-24 22:45:00+00:00,0.0
2025-04-24 23:00:00+00:00,0.0
2025-04-24 23:15:00+00:00,0.04
2025-04-24 23:30:00+00:00,0.02
2025-04-24 23:45:00+00:00,0.0
2025-04-25 00:00:00+00:00,0.0
